03 0.18062499999999998 0.673125 0.03123355263157898 0.02123355263157889
13 0.45 0.08812500000000001 0.03749161073825502 0.04124161073825504
20 0.343125 0.689375 0.01870689655172414 0.016206896551724137
07 0.47562499999999996 0.245 0.08874444444444446 0.02499444444444443
05 0.5275000000000001 0.198125 0.03498809523809532 0.021238095238095278
14 0.18562499999999998 0.268125 0.021242977528089874 0.036242977528089804
03 0.29500000000000004 0.964375 0.029995098039215684 0.013745098039215753
00 0.52875 0.21625 0.02745689655172423 0.02745689655172412
11 0.481875 0.8374999999999999 0.03372844827586208 0.02747844827586221
06 0.787471590909091 0.458125 0.04744318181818186 0.08613636363636362
03 0.469375 0.105625 0.07123579545454545 0.01873579545454547
10 0.8518749999999999 0.09125 0.03371951219512204 0.027469512195121948
01 0.655 0.26375000000000004 0.0374821428571428 0.03248214285714285
