01 0.75875 0.435 0.029983552631578925 0.029983552631578925
13 0.443125 0.500625 0.06624161073825507 0.0312416107382551
03 0.12625 0.815625 0.03995689655172413 0.0337068965517241
03 0.46625000000000005 0.08687500000000001 0.0399944444444445 0.03124444444444445
07 0.8825000000000001 0.36687499999999995 0.019988095238095194 0.07623809523809527
06 0.7100017556179776 0.2125 0.0674964887640449 0.009992977528089864
12 0.750625 0.765 0.028745098039215655 0.05499509803921576
18 0.35 0.380625 0.014956896551724108 0.01870689655172414
08 0.8243750000000001 0.638125 0.026228448275862237 0.04122844827586214
10 0.96375 0.689375 0.019886363636363757 0.02113636363636373
01 0.535 0.25625 0.012485795454545423 0.009985795454545476
04 0.8612500000000001 0.59 0.014969512195121992 0.012469512195121935
20 0.655625 0.840625 0.016232142857142806 0.016232142857142917
02 0.159375 0.588125 0.05373750000000002 0.03623749999999992
