00 0.944375 0.895625 0.04123355263157891 0.043733552631578965
03 0.035 0.10375000000000001 0.029991610738255032 0.029991610738255056
10 0.1075 0.50125 0.034956896551724126 0.02245689655172417
16 0.130625 0.29500000000000004 0.04124444444444446 0.05749444444444446
11 0.06125 0.12625 0.04748809523809524 0.04248809523809523
20 0.7375 0.95625 0.029992977528089937 0.02499297752808982
08 0.15812500000000002 0.7906249999999999 0.041245098039215694 0.04124509803921572
01 0.7825 0.140625 0.03745689655172413 0.03620689655172414
10 0.08374999999999999 0.446875 0.03247844827586206 0.031228448275862075
14 0.97 0.944375 0.047386363636363726 0.0486363636363637
04 0.295625 0.44625000000000004 0.046235795454545425 0.03998579545454545
11 0.35 0.9568749999999999 0.034969512195121955 0.03371951219512204
03 0.484375 0.54 0.02373214285714287 0.03248214285714279
