04 0.2275 0.723125 0.027483552631578978 0.016233552631578885
05 0.823125 0.85375 0.016241610738254808 0.03749161073825491
11 0.858125 0.7462500000000001 0.03120689655172415 0.019956896551724168
13 0.09687500000000002 0.19874999999999998 0.036244444444444454 0.18499444444444446
02 0.20625 0.359375 0.02248809523809528 0.05373809523809525
11 0.41000000000000003 0.113125 0.027492977528089824 0.02374297752808989
14 0.80125 0.11624999999999999 0.022495098039215677 0.029995098039215684
04 0.585 0.565625 0.02495689655172406 0.018706896551724195
03 0.10125 0.535625 0.03997844827586207 0.036228448275862135
16 0.491875 0.685 0.03113636363636363 0.04488636363636378
03 0.228125 0.940625 0.013735795454545452 0.031235795454545356
04 0.563125 0.586875 0.028719512195122032 0.02121951219512197
