12 0.7875 0.721875 0.047483552631578885 0.05373355263157886
19 0.081875 0.131875 0.05624161073825504 0.05624161073825505
03 0.8262499999999999 0.37 0.02495689655172406 0.049956896551724084
03 0.08750000000000001 0.933125 0.01749444444444445 0.05874444444444438
11 0.5325 0.06125 0.05248809523809528 0.03748809523809524
14 0.7606267556179775 0.5249999999999999 0.033746488764044846 0.032492977528089884
04 0.33 0.26187499999999997 0.052495098039215704 0.04624509803921567
11 0.8031250000000001 0.4075 0.05120689655172417 0.054956896551724144
12 0.5331250000000001 0.13 0.11872844827586204 0.09747844827586206
19 0.635 0.666875 0.04488636363636367 0.033636363636363686
08 0.44625355113636367 0.610625 0.019992897727272696 0.031235795454545467
