15 0.9425 0.693125 0.047483552631578885 0.023733552631578947
00 0.3 0.823125 0.03749161073825502 0.026241610738254817
07 0.318125 0.91625 0.06870689655172413 0.029956896551724066
09 0.55625 0.618125 0.01749444444444448 0.053744444444444484
11 0.505 0.9612499999999999 0.03748809523809521 0.03748809523809504
12 0.7606250000000001 0.885625 0.03374297752808986 0.03874297752808986
02 0.109375 0.305 0.02374509803921568 0.027495098039215682
08 0.828125 0.7424999999999999 0.0237068965517242 0.049956896551724195
09 0.6993750000000001 0.29625 0.026228448275862237 0.03497844827586205
04 0.541875 0.090625 0.03613636363636363 0.03613636363636363
