04 0.39437500000000003 0.745 0.021233552631578945 0.022483552631578974
03 0.938125 0.27875 0.021241610738254924 0.03249161073825502
14 0.32 0.72125 0.00995689655172416 0.019956896551724168
04 0.28312499999999996 0.7262500000000001 0.021244444444444455 0.019994444444444315
14 0.42874999999999996 0.206875 0.014988095238095245 0.016238095238095274
04 0.45999999999999996 0.94625 0.024992977528089877 0.019992977528089817
13 0.0175 0.704375 0.024995098039215687 0.06624509803921574
02 0.08625 0.07375 0.01995689655172414 0.014956896551724136
01 0.82875 0.13624999999999998 0.024978448275862153 0.02497844827586207
03 0.6725 0.265625 0.022386363636363704 0.016136363636363615
00 0.7125 0.14375 0.02498579545454538 0.017485795454545455
02 0.318125 0.1575 0.013719512195121963 0.04496951219512196
02 0.86875 0.6893750000000001 0.0374821428571428 0.05123214285714284
13 0.2525 0.7193750000000001 0.0949875 0.036237500000000034
