00 0.45999999999999996 0.573125 0.027483552631578922 0.021233552631579
16 0.278125 0.10125 0.04624161073825506 0.03249161073825506
16 0.905 0.56875 0.02745689655172412 0.04495689655172419
10 0.281875 0.885 0.028744444444444406 0.03249444444444438
02 0.263125 0.87 0.021238095238095278 0.01498809523809519
03 0.22 0.72 0.039992977528089835 0.04499297752808984
02 0.74375 0.85375 0.027495098039215682 0.03999509803921564
01 0.56875 0.25375000000000003 0.024956896551724173 0.022456896551724143
03 0.1825 0.24375000000000002 0.027478448275862072 0.054978448275862096
08 0.29312499999999997 0.076875 0.023636363636363622 0.013636363636363641
06 0.7275 0.5137464488636364 0.08498579545454532 0.02999289772727276
