07 0.9299999999999999 0.089375 0.03498355263157882 0.018733552631578942
20 0.925 0.143125 0.022491610738254897 0.018741610738255032
18 0.8187500000000001 0.4225 0.019956896551724168 0.022456896551724115
20 0.254375 0.21 0.021244444444444427 0.019994444444444426
08 0.251875 0.34624999999999995 0.021238095238095278 0.03998809523809527
12 0.155625 0.444375 0.026242977528089878 0.043742977528089866
15 0.9493750000000001 0.315 0.021245098039215704 0.012495098039215669
04 0.578125 0.575 0.026206896551724146 0.019956896551724168
18 0.6268750000000001 0.408125 0.016228448275862006 0.018728448275862064
15 0.518125 0.41000000000000003 0.018636363636363673 0.0298863636363636
