05 0.23625 0.41 0.08248355263157897 0.0674835526315789
11 0.1275 0.476875 0.07499161073825505 0.08374161073825503
18 0.5618749999999999 0.16999999999999998 0.053706896551724115 0.054956896551724116
01 0.18 0.73625 0.04499444444444445 0.04499444444444434
15 0.674375 0.17812500000000003 0.07123809523809521 0.12623809523809526
11 0.8243750000000001 0.735 0.07624297752808984 0.057492977528089906
09 0.68375 0.805 0.12249509803921566 0.09999509803921569
20 0.896875 0.334375 0.06870689655172413 0.05120689655172411
09 0.368125 0.781875 0.07122844827586206 0.1062284482758622
06 0.706221590909091 0.728125 0.14744318181818195 0.15613636363636374
04 0.08125000000000002 0.8075 0.06748579545454547 0.062485795454545245
