05 0.11875 0.545625 0.03498355263157893 0.051233552631578916
13 0.8375 0.138125 0.06249161073825493 0.08624161073825504
07 0.5825 0.23249999999999998 0.05995689655172409 0.022456896551724143
13 0.265625 0.11624999999999999 0.13624444444444447 0.10999444444444444
20 0.655 0.6543749999999999 0.037488095238095265 0.02623809523809506
20 0.685 0.053750000000000006 0.04249297752808989 0.03249297752808989
09 0.58875 0.47187500000000004 0.02999509803921563 0.061245098039215684
14 0.599375 0.5718749999999999 0.028706896551724093 0.08620689655172409
03 0.755625 0.65 0.03122844827586224 0.06997844827586208
03 0.018125000000000002 0.31437499999999996 0.03363636363636364 0.03363636363636363
06 0.403125 0.5331250000000001 0.03623579545454547 0.023735795454545516
