00 0.5237499999999999 0.683125 0.04248355263157888 0.03873355263157885
14 0.688125 0.526875 0.03374161073825488 0.038741610738254995
14 0.38875000000000004 0.495625 0.054956896551724144 0.05620689655172412
12 0.685 0.121875 0.05499444444444446 0.05874444444444446
04 0.25125 0.7406250000000001 0.06248809523809526 0.06373809523809515
18 0.884375 0.5718749999999999 0.03874297752808986 0.043742977528089866
13 0.296875 0.598125 0.1587450980392157 0.0787450980392157
01 0.701875 0.833125 0.0387068965517241 0.0387068965517241
12 0.48187499999999994 0.20687499999999998 0.058728448275862044 0.09122844827586205
02 0.213125 0.845625 0.14863636363636368 0.061136363636363766
