06 0.15375 0.11374999999999999 0.06248355263157894 0.057483552631578935
02 0.5956250000000001 0.109375 0.038741610738255106 0.02624161073825504
04 0.87625 0.5775 0.022456896551724115 0.024956896551724173
04 0.503125 0.7462500000000001 0.02124444444444451 0.019994444444444315
12 0.45375 0.9143749999999999 0.03498809523809526 0.03623809523809507
06 0.7181249999999999 0.034375 0.01374297752808984 0.03124297752808989
04 0.190625 0.9143749999999999 0.028745098039215683 0.031245098039215713
09 0.906875 0.446875 0.0237068965517242 0.03370689655172415
08 0.27437500000000004 0.7949999999999999 0.04622844827586209 0.01997844827586215
03 0.56625 0.7675000000000001 0.05988636363636357 0.039886363636363664
12 0.9137500000000001 0.095 0.029985795454545383 0.03498579545454546
06 0.400625 0.46375 0.04621951219512199 0.04496951219512202
03 0.18375 0.9675 0.029982142857142846 0.01748214285714278
