00 0.33999999999999997 0.09875 0.024983552631578865 0.01998355263157893
11 0.793125 0.26375 0.021241610738254924 0.014991610738255057
10 0.453125 0.764375 0.018706896551724084 0.016206896551724137
20 0.020624999999999998 0.805625 0.018744444444444442 0.016244444444444395
10 0.159375 0.848125 0.018738095238095248 0.021238095238095056
03 0.033125 0.815625 0.016242977528089887 0.0212429775280899
05 0.515 0.433125 0.02999509803921563 0.013745098039215697
02 0.94125 0.6924999999999999 0.014956896551724164 0.04245689655172413
13 0.916875 0.724375 0.053728448275862206 0.05872844827586221
06 0.2025 0.060625 0.062386363636363656 0.023636363636363643
00 0.455625 0.738125 0.016235795454545454 0.016235795454545343
14 0.8725 0.566875 0.024969512195122 0.04121951219512199
10 0.410625 0.896875 0.023732142857142813 0.026232142857142815
13 0.786875 0.680625 0.10123750000000009 0.08623750000000008
