08 0.17125 0.839375 0.03998355263157896 0.02873355263157884
13 0.938125 0.859375 0.10374161073825494 0.0637416107382549
04 0.549375 0.464375 0.0337068965517241 0.028706896551724148
08 0.9675 0.639375 0.047494444444444395 0.03124444444444452
19 0.458125 0.8831249999999999 0.033738095238095234 0.041238095238095185
02 0.68125 0.6275 0.05249297752808979 0.027492977528089768
02 0.61375 0.46125 0.022495098039215677 0.022495098039215677
04 0.02375 0.04625 0.029956896551724135 0.01995689655172414
03 0.930625 0.916875 0.0487284482758622 0.03122844827586224
00 0.5956250000000001 0.884375 0.03613636363636352 0.033636363636363686
11 0.113125 0.281875 0.028735795454545465 0.026235795454545463
02 0.405625 0.316875 0.028719512195121977 0.026219512195121975
12 0.09437500000000001 0.959375 0.06123214285714286 0.03373214285714288
