11 0.91625 0.450625 0.0724835526315789 0.0887335526315789
12 0.094375 0.6937499999999999 0.10874161073825503 0.14999161073825495
12 0.771875 0.36875 0.08870689655172415 0.08245689655172411
10 0.9099999999999999 0.7893749999999999 0.057494444444444404 0.04874444444444437
01 0.724375 0.620625 0.05373809523809514 0.03873809523809524
03 0.5125 0.155625 0.08749297752808982 0.14624297752808987
20 0.391875 0.26687500000000003 0.06374509803921574 0.06374509803921571
03 0.24375 0.544375 0.044956896551724135 0.10370689655172416
08 0.846875 0.62875 0.056228448275862264 0.04747844827586212
11 0.5800000000000001 0.7125 0.06738636363636352 0.049886363636363784
20 0.215 0.92375 0.03998579545454545 0.027485795454545325
01 0.8243750000000001 0.6074999999999999 0.03621951219512198 0.03496951219512201
