06 0.690625 0.27937500000000004 0.023733552631578836 0.013733552631578994
10 0.829375 0.73875 0.013741610738254861 0.012491610738254888
01 0.824375 0.798125 0.016206896551724137 0.01370689655172408
08 0.944375 0.431875 0.01874444444444434 0.03874444444444447
01 0.815 0.1775 0.014988095238095078 0.01248809523809527
20 0.015 0.954375 0.012492977528089887 0.01374297752808984
14 0.1875 0.7068749999999999 0.0449950980392157 0.011245098039215695
10 0.865 0.4925 0.014956896551724164 0.014956896551724164
06 0.241875 0.433125 0.03872844827586208 0.06372844827586205
11 0.103125 0.8200000000000001 0.01863636363636363 0.014886363636363753
18 0.8362499999999999 0.51125 0.012485795454545312 0.01498579545454548
07 0.98125 0.470625 0.022500000000000075 0.016219512195121966
