13 0.868125 0.365625 0.12623355263157887 0.0337335526315789
06 0.1375 0.5606249999999999 0.014991610738255029 0.19374161073825497
00 0.36 0.454375 0.05995689655172415 0.06120689655172412
02 0.14875 0.7075 0.08999444444444445 0.03999444444444433
19 0.29312499999999997 0.1225 0.07623809523809527 0.04748809523809522
03 0.295625 0.9281250000000001 0.06374297752808983 0.03374297752808986
07 0.21875 0.853125 0.1499950980392157 0.19124509803921574
11 0.418125 0.9125 0.06370689655172412 0.04495689655172419
09 0.042499999999999996 0.6481250000000001 0.049978448275862064 0.07622844827586217
06 0.15687500000000001 0.35687499999999994 0.10613636363636365 0.1286363636363636
