07 0.23625 0.215625 0.07748355263157897 0.023733552631578975
20 0.24062499999999998 0.9325 0.02624161073825501 0.01999161073825495
07 0.70375 0.1575 0.014956896551724164 0.02745689655172412
03 0.5531250000000001 0.605 0.02124444444444451 0.039994444444444444
13 0.8475 0.08374999999999999 0.05998809523809512 0.039988095238095225
14 0.911875 0.6481250000000001 0.01374297752808984 0.04124297752808992
03 0.588125 0.235625 0.02624509803921571 0.018745098039215702
02 0.8756250000000001 0.263125 0.02120689655172414 0.0387068965517241
08 0.466875 0.5725 0.028728448275862073 0.01747844827586209
03 0.840625 0.8525 0.02363636363636379 0.04238636363636372
