09 0.374375 0.27937500000000004 0.031233552631578898 0.02623355263157895
11 0.25625 0.9456249999999999 0.022491610738255063 0.01624161073825492
13 0.108125 0.698125 0.033706896551724125 0.04120689655172405
02 0.819375 0.6625 0.026244444444444404 0.01499444444444431
15 0.474375 0.175 0.016238095238095274 0.019988095238095277
13 0.068125 0.295625 0.038742977528089896 0.041242977528089864
20 0.694375 0.860625 0.013745098039215642 0.013745098039215642
04 0.365625 0.09 0.023706896551724144 0.019956896551724126
09 0.15999999999999998 0.303125 0.012478448275862059 0.02622844827586207
10 0.22 0.47 0.02238636363636365 0.017386363636363644
13 0.255 0.92125 0.027485795454545464 0.1174857954545454
09 0.501875 0.505 0.028719512195121977 0.03246951219512195
