15 0.6699999999999999 0.39 0.012483552631578854 0.02498355263157892
07 0.55625 0.484375 0.034991610738255075 0.031241610738255043
00 0.77875 0.95875 0.02745689655172423 0.02745689655172412
08 0.66625 0.28125 0.022494444444444373 0.014994444444444421
14 0.541875 0.669375 0.033738095238095234 0.021238095238095167
04 0.83 0.788125 0.02749297752808988 0.026242977528089795
06 0.4925 0.31 0.06249509803921571 0.06249509803921571
11 0.275625 0.6993750000000001 0.028706896551724093 0.02120689655172414
06 0.52 0.86625 0.057478448275862126 0.039978448275862166
02 0.575 0.714375 0.01738636363636359 0.028636363636363793
00 0.18562499999999998 0.94875 0.02623579545454549 0.019985795454545263
