01 0.441875 0.06125 0.013733552631578883 0.012483552631578958
15 0.96625 0.454375 0.032491610738254906 0.041241610738255
01 0.181875 0.291875 0.026206896551724118 0.023706896551724088
19 0.90875 0.0875 0.03249444444444427 0.037494444444444455
04 0.346875 0.42562500000000003 0.021238095238095278 0.02373809523809528
13 0.92 0.47250000000000003 0.02749297752808988 0.04249297752808984
03 0.823125 0.320625 0.021245098039215593 0.0162450980392157
06 0.846875 0.254375 0.036206896551724044 0.07370689655172416
07 0.37187499999999996 0.964375 0.016228448275862062 0.046228448275862144
04 0.53125 0.355 0.01738636363636359 0.01988636363636359
12 0.7775000000000001 0.5918749999999999 0.034985795454545277 0.04623579545454548
14 0.7337499999999999 0.041249999999999995 0.024969512195122 0.024969512195121953
