15 0.51 0.561875 0.052483552631578834 0.03873355263157885
10 0.35750000000000004 0.93625 0.04499161073825503 0.03749161073825491
10 0.6975 0.32375 0.057456896551724146 0.05245689655172414
20 0.065 0.24 0.052494444444444455 0.0524944444444444
15 0.700625 0.238125 0.08123809523809522 0.08623809523809528
20 0.90875 0.611875 0.047492977528089786 0.04624297752808981
01 0.03375 0.755 0.03499509803921569 0.024995098039215735
11 0.71875 0.6775 0.05995689655172409 0.03745689655172413
18 0.81375 0.801875 0.042478448275862224 0.0437284482758622
14 0.45499999999999996 0.59625 0.1698863636363636 0.019886363636363646
