18 0.1875 0.125 0.024983552631578976 0.027483552631578936
13 0.41625 0.955625 0.034991610738255075 0.0587416107382549
06 0.315635775862069 0.393125 0.03872844827586208 0.0962068965517241
14 0.658125 0.663125 0.036244444444444524 0.026244444444444404
15 0.94875 0.39249999999999996 0.02998809523809509 0.014988095238095245
06 0.25875000000000004 0.649375 0.04749297752808984 0.016242977528089786
06 0.42562500000000003 0.3025 0.11624509803921573 0.0474950980392157
04 0.04123922413793103 0.424375 0.022478448275862074 0.016206896551724137
17 0.47187500000000004 0.91125 0.041228448275862084 0.042478448275862224
10 0.4869034090909091 0.16062500000000002 0.018693181818181803 0.018636363636363645
12 0.32875 0.19874999999999998 0.03998579545454545 0.04748579545454548
03 0.55125 0.79125 0.024969512195122 0.02746951219512206
