10 0.36249588815789474 0.030000000000000002 0.017491776315789465 0.01748355263157895
05 0.9568749999999999 0.13 0.018741610738254866 0.029991610738255042
11 0.906875 0.734375 0.028706896551724093 0.028706896551724093
18 0.87375 0.0225 0.01499444444444431 0.017494444444444444
15 0.5349999999999999 0.08374999999999999 0.017488095238095247 0.019988095238095235
00 0.18125000000000002 0.8118749999999999 0.019992977528089845 0.01374297752808984
10 0.76125 0.443125 0.01999509803921562 0.0162450980392157
02 0.365 0.22312500000000002 0.022456896551724115 0.05370689655172414
04 0.12 0.151875 0.02247844827586208 0.018728448275862064
00 0.11 0.7381249999999999 0.024886363636363623 0.026136363636363735
01 0.7575000000000001 0.7093750000000001 0.019985795454545374 0.013735795454545285
00 0.913125 0.13125 0.02121951219512197 0.01996951219512194
