05 0.931875 0.26 0.02123355263157889 0.012483552631578965
00 0.296875 0.52 0.023741610738255092 0.01999161073825506
13 0.355 0.9675 0.044956896551724135 0.03495689655172418
20 0.2225 0.284375 0.019994444444444426 0.018744444444444452
16 0.39749999999999996 0.954375 0.029988095238095258 0.01873809523809511
04 0.976875 0.6625 0.018742977528089844 0.019992977528089817
03 0.7468762254901962 0.958125 0.013747549019607841 0.03624509803921572
07 0.675 0.2025 0.012456896551724106 0.04745689655172411
13 0.5700000000000001 0.451875 0.037478448275862 0.041228448275862084
12 0.32875 0.731875 0.022386363636363593 0.02363636363636379
20 0.316875 0.5925 0.02373579545454546 0.02498579545454549
04 0.805625 0.6012500000000001 0.013719512195122019 0.012469512195122046
12 0.629375 0.10062499999999999 0.03873214285714277 0.03373214285714286
00 0.30562500000000004 0.63 0.013737500000000014 0.014987499999999931
