13 0.22625 0.34624999999999995 0.10248355263157896 0.0699835526315789
00 0.4875 0.75875 0.04499161073825497 0.04499161073825497
18 0.333125 0.365625 0.026206896551724146 0.028706896551724148
10 0.416875 0.91875 0.033744444444444466 0.022494444444444373
16 0.67625 0.253125 0.05998809523809512 0.04373809523809524
03 0.160625 0.419375 0.043742977528089866 0.08624297752808985
14 0.0975 0.030000000000000002 0.0449950980392157 0.04749509803921569
07 0.369375 0.41 0.0387068965517241 0.032456896551724124
18 0.08812500000000001 0.8518749999999999 0.02872844827586206 0.03122844827586213
03 0.7887500000000001 0.38125 0.02738636363636371 0.0298863636363636
20 0.53 0.41437500000000005 0.04498579545454551 0.028735795454545465
