12 0.075 0.08249999999999999 0.044983552631578945 0.07748355263157895
11 0.40125 0.9762500000000001 0.02999161073825507 0.0274916107382549
01 0.32062500000000005 0.50375 0.01870689655172414 0.017456896551724166
04 0.880625 0.3125 0.02874444444444435 0.027494444444444432
14 0.15187499999999998 0.35125 0.02123809523809525 0.027488095238095256
10 0.0225 0.76375 0.02249297752808989 0.01749297752808987
08 0.345 0.06875 0.01749509803921573 0.0399950980392157
11 0.125 0.24 0.02745689655172412 0.022456896551724115
10 0.290625 0.151875 0.02622844827586207 0.02372844827586207
18 0.0475 0.28500000000000003 0.01738636363636363 0.019886363636363702
06 0.553125 0.3925 0.0862357954545454 0.05748579545454546
12 0.825 0.83375 0.03746951219512196 0.03746951219512207
05 0.59625 0.265 0.01748214285714289 0.037482142857142825
06 0.97375 0.6793750000000001 0.02498749999999994 0.02873749999999997
