04 0.019370888157894738 0.5862499999999999 0.036241776315789474 0.029983552631578925
01 0.724375 0.139375 0.038741610738254995 0.031241610738255043
04 0.605 0.84875 0.039956896551724075 0.02745689655172412
15 0.798125 0.159375 0.023744444444444346 0.033744444444444466
13 0.415625 0.141875 0.13123809523809526 0.02873809523809523
08 0.7800017556179775 0.76125 0.04249648876404499 0.04249297752808978
20 0.7462500000000001 0.975625 0.022495098039215677 0.02374509803921565
06 0.12437499999999999 0.12936422413793103 0.09620689655172414 0.046228448275862075
10 0.514375 0.27749999999999997 0.031228448275862075 0.029978448275862102
06 0.6168750000000001 0.2 0.04113636363636364 0.07988636363636367
15 0.2462535511363636 0.198125 0.019992897727272724 0.05623579545454546
09 0.13 0.083125 0.01746951219512194 0.05871951219512195
08 0.2725044642857143 0.39249999999999996 0.027491071428571434 0.044982142857142804
