03 0.03875 0.520625 0.04248355263157895 0.02873355263157884
16 0.818125 0.516875 0.04124161073825494 0.028741610738255097
20 0.215625 0.6575 0.01620689655172411 0.01745689655172411
15 0.495 0.21687499999999998 0.052494444444444455 0.018744444444444425
07 0.53375 0.8775 0.009988095238095185 0.03748809523809504
07 0.8775 0.8474999999999999 0.0524929775280899 0.03499297752808983
10 0.130625 0.26937500000000003 0.03374509803921569 0.02124509803921565
03 0.06126077586206897 0.585 0.044978448275862074 0.02745689655172412
13 0.578125 0.891875 0.0587284482758621 0.05122844827586226
07 0.51875 0.31625000000000003 0.054886363636363567 0.12238636363636363
11 0.25 0.31375 0.027485795454545464 0.01998579545454543
03 0.84 0.7424999999999999 0.04996951219512202 0.024969512195122
04 0.9575 0.2125 0.02748214285714279 0.02248214285714284
