05 0.8725 0.773125 0.03498355263157882 0.0362335526315789
06 0.2606270973154362 0.7112499999999999 0.04124580536912753 0.09999161073825491
13 0.229375 0.92375 0.08370689655172414 0.0699568965517241
20 0.275625 0.3175 0.02874444444444446 0.01999444444444448
08 0.53625 0.76125 0.04998809523809533 0.024988095238095198
01 0.34875 0.5918749999999999 0.022492977528089875 0.026242977528089795
03 0.400625 0.49312500000000004 0.0162450980392157 0.02874509803921571
20 0.9356249999999999 0.10875 0.028706896551724204 0.01995689655172414
03 0.37875000000000003 0.134375 0.02247844827586204 0.023728448275862055
04 0.7168749999999999 0.318125 0.03863636363636369 0.026136363636363624
04 0.51625 0.45625 0.03498579545454539 0.027485795454545436
01 0.103125 0.86 0.03621951219512194 0.02746951219512206
