20 0.78 0.9762500000000001 0.02498355263157892 0.01748355263157897
07 0.459375 0.345 0.08374161073825509 0.03749161073825508
08 0.08562499999999999 0.5575 0.04870689655172414 0.01745689655172411
18 0.348125 0.365625 0.018744444444444508 0.021244444444444455
06 0.171875 0.566875 0.016238095238095274 0.031238095238095287
06 0.4781267556179776 0.22875 0.08374648876404495 0.06749297752808983
07 0.291875 0.579375 0.046245098039215726 0.05874509803921568
20 0.23249999999999998 0.80375 0.027456896551724147 0.022456896551724115
20 0.17625000000000002 0.07375 0.027478448275862072 0.024978448275862063
04 0.07062500000000001 0.273125 0.03363636363636364 0.03113636363636363
18 0.93125 0.875 0.019985795454545263 0.022485795454545432
13 0.8731249999999999 0.5225 0.08621951219512203 0.03246951219512195
