05 0.770625 0.8025 0.02873355263157884 0.019983552631578916
03 0.025625000000000002 0.7887500000000001 0.018741610738255036 0.01999161073825484
06 0.6112500000000001 0.8556250000000001 0.049956896551724195 0.0337068965517241
07 0.98125 0.15 0.014994444444444421 0.027494444444444432
11 0.265625 0.88375 0.026238095238095283 0.02998809523809509
15 0.641875 0.82125 0.01374297752808984 0.01749297752808987
20 0.7293750000000001 0.7749999999999999 0.011245098039215695 0.009995098039215722
20 0.565625 0.1225 0.02120689655172414 0.024956896551724117
04 0.1025 0.36124999999999996 0.017478448275862063 0.009978448275862084
16 0.80125 0.76125 0.029886363636363766 0.022386363636363704
20 0.8025 0.6018749999999999 0.01498579545454537 0.01123579545454556
11 0.946875 0.583125 0.023719512195121917 0.023719512195121917
11 0.380625 0.2425 0.026232142857142815 0.022482142857142867
18 0.33187500000000003 0.40625 0.013737500000000014 0.01748749999999999
