20 0.473125 0.06937499999999999 0.028733552631578896 0.018733552631578956
14 0.51875 0.7518750000000001 0.01999161073825506 0.038741610738254884
14 0.666875 0.6675 0.018706896551724084 0.024956896551724173
10 0.08125 0.8275 0.019994444444444454 0.009994444444444417
14 0.38 0.058125 0.03248809523809526 0.02373809523809524
09 0.24 0.290625 0.032492977528089856 0.041242977528089864
18 0.256875 0.605 0.016245098039215727 0.01999509803921562
06 0.22875 0.7987500000000001 0.012456896551724134 0.02495689655172406
06 0.3425 0.5525 0.024978448275862097 0.014978448275862144
19 0.566875 0.28875 0.023636363636363567 0.014886363636363642
11 0.058750000000000004 0.55375 0.029985795454545452 0.02498579545454549
12 0.13687500000000002 0.7662500000000001 0.023719512195121945 0.024969512195122
