06 0.575625 0.051875 0.04873355263157897 0.04123355263157895
10 0.5974999999999999 0.911875 0.02999161073825507 0.028741610738254986
06 0.6956249999999999 0.79 0.0337068965517241 0.10495689655172413
11 0.335 0.58125 0.027494444444444488 0.022494444444444484
10 0.271875 0.14 0.028738095238095285 0.027488095238095228
00 0.12937500000000002 0.42874999999999996 0.03874297752808989 0.03749297752808983
02 0.096875 0.43437499999999996 0.013745098039215697 0.02874509803921571
04 0.7537499999999999 0.766875 0.032456896551724124 0.023706896551724088
16 0.18625 0.33375 0.04497844827586206 0.029978448275862046
10 0.849375 0.619375 0.016136363636363726 0.013636363636363669
00 0.9450000000000001 0.648125 0.034985795454545277 0.031235795454545467
01 0.98125 0.7424999999999999 0.024969512195122 0.01746951219512194
14 0.23875000000000002 0.7150000000000001 0.029982142857142846 0.049982142857142864
