12 0.1675 0.1225 0.06748355263157896 0.08248355263157896
02 0.36875 0.4825 0.05499161073825504 0.024991610738255066
01 0.34125 0.7275 0.05245689655172414 0.05245689655172414
04 0.625625 0.389375 0.05874444444444449 0.04124444444444447
04 0.8025 0.074375 0.04248809523809505 0.04123809523809523
08 0.6075017556179776 0.13687499999999997 0.047496488764044886 0.07124297752808986
04 0.6956249999999999 0.485 0.048745098039215784 0.05249509803921576
05 0.48062499999999997 0.62 0.03370689655172415 0.06495689655172421
15 0.25125000000000003 0.435625 0.03497844827586208 0.028728448275862073
14 0.6225 0.0325 0.039886363636363664 0.052386363636363634
