09 0.210625 0.901875 0.03873355263157896 0.02873355263157884
20 0.125 0.47 0.014991610738255057 0.009991610738254997
01 0.34125 0.674375 0.029956896551724177 0.018706896551724195
18 0.259375 0.188125 0.018744444444444397 0.021244444444444427
11 0.87375 0.6793750000000001 0.027488095238095145 0.021238095238095167
04 0.7168749999999999 0.2625 0.0212429775280899 0.02749297752808988
16 0.245625 0.134375 0.03874509803921572 0.0312450980392157
10 0.4075 0.1275 0.014956896551724108 0.01245689655172412
07 0.02625 0.47250000000000003 0.01747844827586207 0.03247844827586205
04 0.67375 0.064375 0.019886363636363757 0.021136363636363627
