19 0.286875 0.280625 0.02873355263157895 0.033733552631578956
11 0.069375 0.4825 0.02624161073825504 0.024991610738255066
04 0.74 0.580625 0.029956896551724066 0.02120689655172414
03 0.39375 0.9125 0.022494444444444484 0.022494444444444373
01 0.483125 0.213125 0.026238095238095227 0.018738095238095276
03 0.395 0.54375 0.034992977528089886 0.03749297752808978
15 0.9075 0.17875000000000002 0.024995098039215735 0.019995098039215703
13 0.403125 0.826875 0.02120689655172414 0.06870689655172413
08 0.7 0.865 0.0174784482758622 0.02747844827586221
04 0.7462500000000001 0.549375 0.02738636363636371 0.018636363636363673
18 0.28875 0.95625 0.019985795454545485 0.02248579545454532
07 0.358125 0.73875 0.08621951219512197 0.092469512195122
