15 0.644375 0.566875 0.0987335526315789 0.05873355263157887
03 0.6581250000000001 0.21000000000000002 0.07624161073825497 0.04999161073825506
14 0.925614224137931 0.12937500000000002 0.046228448275862144 0.043706896551724134
01 0.6681250000000001 0.714375 0.04874444444444437 0.0362444444444443
01 0.415625 0.74875 0.05873809523809531 0.04748809523809516
06 0.256875 0.3325 0.051242977528089845 0.13499297752808986
12 0.393125 0.43875 0.05874509803921568 0.05999509803921571
18 0.68625 0.27 0.032456896551724124 0.034956896551724126
03 0.88375 0.14625 0.01997844827586215 0.022478448275862067
10 0.8400000000000001 0.1975 0.02738636363636371 0.02488636363636368
