03 0.20937499999999998 0.7737499999999999 0.02873355263157898 0.02498355263157881
03 0.37687499999999996 0.753125 0.05874161073825507 0.018741610738254866
11 0.249375 0.025 0.026206896551724146 0.01995689655172414
10 0.389375 0.5531250000000001 0.013744444444444504 0.011244444444444501
14 0.4812470238095238 0.021875 0.03499404761904762 0.026238095238095237
08 0.19874999999999998 0.630625 0.042492977528089865 0.02124297752808979
20 0.37875000000000003 0.01625 0.022495098039215733 0.01999509803921569
14 0.276875 0.0725 0.031206896551724095 0.01995689655172414
00 0.35625 0.045625 0.022478448275862095 0.02372844827586207
04 0.643125 0.07125000000000001 0.028636363636363682 0.019886363636363633
