03 0.88375 0.60875 0.039983552631578934 0.07498355263157896
06 0.7306250000000001 0.246875 0.15124161073825493 0.04124161073825505
12 0.535 0.875625 0.0699568965517241 0.07870689655172414
05 0.7887500000000001 0.10187500000000001 0.04499444444444445 0.07124444444444447
03 0.050625 0.406875 0.051238095238095235 0.11123809523809525
14 0.5700000000000001 0.63 0.08999297752808977 0.06749297752808991
00 0.43 0.245 0.06249509803921571 0.059995098039215655
02 0.790625 0.705625 0.018706896551724084 0.053706896551724115
20 0.383125 0.035625 0.028728448275862073 0.021228448275862066
20 0.835 0.28437500000000004 0.03488636363636377 0.02613636363636368
18 0.511875 0.9175 0.038735795454545474 0.03998579545454528
04 0.72875 0.91875 0.04496951219512191 0.05996951219512192
09 0.950625 0.64375 0.043732142857142775 0.0424821428571428
