02 0.6312500000000001 0.3125 0.1249835526315789 0.13498355263157893
03 0.321875 0.21875 0.14874161073825504 0.13499161073825505
12 0.145625 0.8875 0.13870689655172413 0.11745689655172409
03 0.440625 0.16375 0.13874444444444445 0.05749444444444443
10 0.60375 0.7518750000000001 0.08998809523809526 0.05623809523809509
06 0.460625 0.198125 0.18124297752808982 0.18374297752808988
20 0.9299999999999999 0.7050000000000001 0.0674950980392156 0.04499509803921564
11 0.845 0.703125 0.10245689655172407 0.06870689655172413
12 0.499375 0.703125 0.16372844827586208 0.14372844827586218
19 0.265 0.900625 0.10738636363636367 0.053636363636363704
10 0.788125 0.6087499999999999 0.06873579545454533 0.047485795454545454
11 0.8006249999999999 0.563125 0.09121951219512192 0.06371951219512195
04 0.26875000000000004 0.21187499999999998 0.08498214285714284 0.06873214285714283
