03 0.29312499999999997 0.051250000000000004 0.01623355263157894 0.012483552631578958
20 0.63375 0.25875000000000004 0.009991610738255052 0.012491610738255055
04 0.66875 0.057499999999999996 0.02495689655172406 0.022456896551724143
14 0.473125 0.20375 0.026244444444444515 0.019994444444444426
14 0.3625 0.085625 0.009988095238095296 0.04623809523809523
04 0.88375 0.4675 0.02499297752808982 0.024992977528089877
03 0.555625 0.26875 0.021245098039215704 0.017495098039215673
15 0.208125 0.42562500000000003 0.006206896551724128 0.021206896551724086
02 0.8225 0.266875 0.0174784482758622 0.028728448275862017
09 0.7525 0.931875 0.02738636363636371 0.02113636363636373
04 0.16375 0.72375 0.017485795454545455 0.017485795454545316
