11 0.51875 0.598125 0.04498355263157883 0.04623355263157891
08 0.1375 0.31375 0.014991610738255029 0.022491610738255063
03 0.484375 0.28312499999999996 0.02120689655172414 0.0362068965517241
01 0.9081250000000001 0.22062500000000002 0.02874444444444435 0.02624444444444443
03 0.13375 0.723125 0.054988095238095266 0.03373809523809512
08 0.555625 0.8512500000000001 0.018742977528089844 0.032492977528089884
11 0.9156249999999999 0.295625 0.031245098039215713 0.031245098039215657
07 0.343760775862069 0.767489224137931 0.03747844827586205 0.022478448275862095
18 0.63625 0.7925 0.024978448275862042 0.02747844827586221
03 0.0775 0.29625 0.029886363636363628 0.09488636363636366
03 0.739375 0.61375 0.01873579545454529 0.047485795454545454
04 0.380625 0.43875 0.04121951219512199 0.024969512195121946
18 0.7375 0.23625000000000002 0.02498214285714284 0.029982142857142846
