03 0.98 0.576875 0.017483552631578858 0.016233552631578885
04 0.21125 0.28625 0.022491610738255036 0.014991610738255057
16 0.825625 0.535614224137931 0.026206896551724035 0.02122844827586201
11 0.70125 0.035625000000000004 0.022494444444444373 0.018744444444444446
04 0.5925 0.21875 0.02248809523809525 0.014988095238095245
02 0.745 0.26375 0.019992977528089817 0.052492977528089874
14 0.46875 0.374375 0.012495098039215669 0.04374509803921567
03 0.6799999999999999 0.548125 0.02495689655172406 0.026206896551724146
15 0.825 0.145625 0.01997844827586215 0.01372844827586206
20 0.13187500000000002 0.724375 0.018636363636363645 0.016136363636363726
20 0.5025 0.7637499999999999 0.01998579545454543 0.014985795454545259
16 0.266875 0.9025000000000001 0.03371951219512198 0.027469512195121948
12 0.635 0.29625 0.02498214285714284 0.02498214285714284
00 0.25312500000000004 0.838125 0.018737500000000018 0.018737500000000074
