20 0.396875 0.365625 0.018733552631578887 0.018733552631578887
20 0.6875 0.09062500000000001 0.01999161073825495 0.02124161073825505
05 0.69375 0.680625 0.014956896551724164 0.026206896551724146
10 0.23812499999999998 0.913125 0.018744444444444425 0.021244444444444288
04 0.8612500000000001 0.10875 0.02248809523809514 0.027488095238095228
07 0.24125 0.6581232443820224 0.05749297752808985 0.01374648876404494
03 0.41312499999999996 0.07999999999999999 0.02874509803921571 0.01999509803921569
10 0.770625 0.5725 0.01370689655172419 0.01745689655172411
08 0.1487553879310345 0.36375 0.024989224137931032 0.029978448275862046
07 0.8356250000000001 0.69375 0.008636363636363664 0.039886363636363775
06 0.505 0.109375 0.05998579545454552 0.01373579545454548
15 0.8118749999999999 0.09937499999999999 0.006219512195121957 0.01371951219512195
