18 0.865 0.385 0.02498355263157892 0.027483552631578867
01 0.504375 0.93875 0.0337416107382551 0.0274916107382549
06 0.79 0.856875 0.019956896551724168 0.07620689655172408
06 0.925 0.650625 0.017494444444444368 0.043744444444444475
12 0.531875 0.915625 0.05373809523809525 0.04623809523809519
05 0.28 0.880625 0.04249297752808984 0.028742977528089853
09 0.175 0.533125 0.03749509803921569 0.038745098039215664
18 0.018125 0.98375 0.023706896551724137 0.02745689655172412
00 0.046875 0.8875 0.03372844827586208 0.029978448275862157
13 0.26125 0.24125000000000002 0.0723863636363637 0.05988636363636368
07 0.666875 0.508125 0.01873579545454529 0.0637357954545455
03 0.079375 0.49750000000000005 0.023719512195121945 0.04246951219512202
15 0.22375 0.346875 0.03248214285714285 0.07123214285714285
