06 0.055 0.783125 0.037483552631578945 0.07873355263157888
15 0.9456270973154363 0.04875 0.033745805369127524 0.04499161073825503
03 0.078125 0.79125 0.028706896551724134 0.039956896551724075
18 0.34062499999999996 0.7206250000000001 0.023744444444444512 0.026244444444444404
03 0.48875 0.54125 0.012488095238095298 0.054988095238095225
07 0.8975 0.194375 0.012492977528089866 0.09624297752808986
11 0.596875 0.923125 0.028745098039215766 0.021245098039215704
03 0.05751077586206896 0.573125 0.027478448275862065 0.053706896551724226
12 0.43062500000000004 0.19687500000000002 0.038728448275862026 0.041228448275862056
16 0.42374999999999996 0.971875 0.0298863636363636 0.03863636363636369
18 0.105625 0.968125 0.021235795454545472 0.023735795454545405
06 0.5056326219512195 0.380625 0.09623475609756094 0.016219512195121966
04 0.775625 0.1425 0.03873214285714277 0.04248214285714286
