02 0.56125 0.173125 0.019983552631578916 0.013733552631578994
13 0.646875 0.21375 0.0537416107382549 0.04249161073825505
09 0.291864224137931 0.965625 0.02622844827586207 0.02120689655172414
00 0.9425 0.711875 0.017494444444444257 0.01874444444444434
16 0.30562500000000004 0.80125 0.018738095238095276 0.02998809523809509
16 0.073125 0.635 0.01374297752808988 0.02749297752808988
14 0.841251225490196 0.1325 0.01999754901960782 0.02249509803921569
02 0.451260775862069 0.51125 0.01747844827586209 0.034956896551724126
15 0.228125 0.958125 0.016228448275862062 0.021228448275862233
14 0.206875 0.861875 0.028636363636363682 0.04113636363636364
