20 0.468125 0.48375 0.02123355263157889 0.022483552631578918
18 0.4375 0.555625 0.012491610738254999 0.01624161073825503
03 0.06625 0.2025 0.027456896551724147 0.024956896551724145
07 0.15562499999999999 0.375625 0.021244444444444455 0.036244444444444524
02 0.326875 0.39375 0.021238095238095223 0.017488095238095247
16 0.5018750000000001 0.45125000000000004 0.023742977528089848 0.03749297752808983
01 0.76 0.809375 0.01249509803921578 0.011245098039215695
06 0.661875 0.55125 0.011206896551724133 0.024956896551724173
18 0.17625000000000002 0.055 0.009978448275862056 0.012478448275862059
11 0.4475 0.55375 0.01988636363636359 0.02488636363636354
03 0.116875 0.8868750000000001 0.008735795454545461 0.023735795454545294
05 0.233125 0.10125 0.016219512195121966 0.012469512195121948
16 0.61625 0.74 0.0274821428571429 0.02498214285714284
03 0.099371875 0.153125 0.01124375000000001 0.01873749999999999
