16 0.7575000000000001 0.06687499999999999 0.027483552631578978 0.04623355263157895
14 0.22625 0.5931249999999999 0.044991610738255056 0.031241610738255043
15 0.37124999999999997 0.815625 0.024956896551724117 0.018706896551724195
04 0.2875 0.943125 0.029994444444444435 0.01874444444444434
02 0.9137500000000001 0.53875 0.03748809523809504 0.03248809523809526
03 0.86125 0.8981250000000001 0.05999297752808985 0.016242977528089786
03 0.38187499999999996 0.676875 0.026245098039215653 0.018745098039215646
18 0.23625000000000002 0.25625 0.017456896551724138 0.019956896551724113
14 0.7025 0.42374999999999996 0.03997844827586228 0.03247844827586205
08 0.0656534090909091 0.044375 0.03619318181818182 0.04363636363636363
15 0.05625 0.6100000000000001 0.022485795454545446 0.037485795454545445
01 0.72125 0.438125 0.019969512195121886 0.02121951219512197
