11 0.71875 0.195625 0.019983552631578805 0.021233552631578972
15 0.88 0.639375 0.012491610738254888 0.013741610738254972
15 0.5612607758620689 0.1075 0.014978448275862033 0.007456896551724129
18 0.408125 0.113125 0.011244444444444501 0.013744444444444462
04 0.69875 0.371875 0.019988095238095083 0.016238095238095274
15 0.5675 0.96625 0.01749297752808987 0.02499297752808982
18 0.490625 0.074375 0.008745098039215693 0.011245098039215695
16 0.05625 0.45875 0.01495689655172415 0.02745689655172412
02 0.979375 0.395625 0.03122844827586224 0.0062284482758621085
06 0.7112499999999999 0.118125 0.014886363636363753 0.006136363636363634
