13 0.4825 0.41000000000000003 0.014983552631578911 0.08748355263157886
12 0.565 0.7175 0.0599916107382551 0.06999161073825488
07 0.859375 0.5956250000000001 0.0237068965517242 0.05120689655172417
09 0.55625 0.10625 0.02499444444444454 0.032494444444444465
10 0.9762500000000001 0.075625 0.02248809523809514 0.018738095238095234
08 0.54625 0.763125 0.019992977528089817 0.0212429775280899
20 0.8812500000000001 0.9056249999999999 0.032495098039215686 0.021245098039215704
01 0.115625 0.71 0.018706896551724125 0.01745689655172411
00 0.5293749999999999 0.4525 0.03372844827586208 0.024978448275862042
20 0.150625 0.73875 0.026136363636363624 0.019886363636363757
01 0.213125 0.174375 0.026235795454545463 0.02123579545454546
