07 0.690625 0.021249999999999998 0.031233552631578898 0.017483552631578945
16 0.459375 0.7537499999999999 0.02624161073825504 0.024991610738254955
00 0.186875 0.813125 0.01870689655172411 0.01370689655172419
06 0.785625 0.75625 0.01874444444444434 0.012494444444444364
01 0.409375 0.204375 0.021238095238095278 0.021238095238095278
02 0.84375 0.18625 0.01749297752808987 0.014992977528089868
13 0.711875 0.833125 0.08124509803921576 0.031245098039215602
11 0.91625 0.95 0.024956896551724173 0.019956896551724168
09 0.3375 0.431875 0.009978448275862084 0.02622844827586207
01 0.173125 0.4375 0.01613636363636367 0.012386363636363584
04 0.421875 0.359375 0.02123579545454546 0.02123579545454546
