00 0.830625 0.670625 0.05873355263157898 0.05623355263157892
11 0.871875 0.598125 0.0587416107382549 0.06374161073825502
03 0.91875 0.5081249999999999 0.08745689655172406 0.08620689655172409
20 0.2625 0.433125 0.039994444444444444 0.038744444444444526
11 0.198125 0.8325 0.06373809523809526 0.04248809523809516
03 0.3275 0.81 0.07249297752808986 0.032492977528089884
06 0.750625 0.19125000000000003 0.046245098039215726 0.19999509803921572
06 0.39625 0.16373922413793102 0.22745689655172407 0.08247844827586207
14 0.58375 0.401875 0.042478448275862 0.041228448275862084
06 0.94 0.7887500000000001 0.012386363636363806 0.10738636363636378
