08 0.7925 0.10375 0.027483552631578867 0.009983552631578935
15 0.755 0.061875 0.017491610738255003 0.031241610738255036
10 0.94625 0.070625 0.019956896551724168 0.01620689655172415
15 0.285625 0.66625 0.01624444444444445 0.04999444444444434
06 0.478125 0.460625 0.016238095238095274 0.016238095238095274
07 0.423125 0.8525 0.041242977528089864 0.039992977528089835
18 0.72 0.46499999999999997 0.012495098039215669 0.01499509803921567
13 0.509375 0.655 0.031206896551724095 0.05245689655172414
14 0.32437499999999997 0.836875 0.038728448275862026 0.02372844827586218
06 0.8031250000000001 0.31875 0.0486363636363637 0.009886363636363638
15 0.8362499999999999 0.201875 0.012485795454545312 0.026235795454545463
08 0.6581250000000001 0.38375000000000004 0.03621951219512198 0.024969512195121946
07 0.611875 0.1875 0.023732142857142757 0.02498214285714284
