02 0.15875 0.91125 0.022483552631578946 0.022483552631578974
11 0.833125 0.89375 0.026241610738254817 0.022491610738254897
13 0.828125 0.88375 0.07370689655172402 0.09245689655172418
13 0.834375 0.330625 0.0362444444444443 0.02874444444444446
03 0.4575 0.8518749999999999 0.017488095238095303 0.031238095238095176
09 0.454375 0.72375 0.031242977528089855 0.024992977528089932
00 0.043125000000000004 0.6675 0.016245098039215686 0.01999509803921562
00 0.32875 0.901875 0.019956896551724113 0.018706896551724084
08 0.175 0.745 0.022478448275862067 0.03497844827586216
09 0.145625 0.959375 0.028636363636363626 0.018636363636363784
05 0.853125 0.8 0.01873579545454529 0.037485795454545334
11 0.47625 0.905625 0.022469512195121943 0.023719512195121917
