03 0.50875 0.6256250000000001 0.027483552631578922 0.02123355263157889
06 0.423125 0.818125 0.011241610738255081 0.036241610738254826
07 0.67625 0.14375 0.022456896551724115 0.04745689655172412
07 0.9025000000000001 0.524375 0.027494444444444377 0.011244444444444501
11 0.46125 0.296875 0.02498809523809531 0.01873809523809522
06 0.6443749999999999 0.15 0.07374297752808989 0.06499297752808987
03 0.956875 0.8400000000000001 0.03624509803921572 0.03499509803921563
00 0.08374999999999999 0.39375 0.02245689655172413 0.022456896551724115
17 0.8318749999999999 0.18375000000000002 0.026228448275862237 0.02497844827586207
03 0.9612499999999999 0.375 0.022386363636363815 0.029886363636363544
