11 0.64375 0.421875 0.027483552631578978 0.02873355263157895
02 0.48062499999999997 0.6543749999999999 0.016241610738255086 0.028741610738254875
12 0.7262500000000001 0.2075 0.032456896551724124 0.034956896551724126
15 0.036875 0.826875 0.013744444444444445 0.03874444444444436
02 0.17125 0.391875 0.02248809523809528 0.038738095238095294
06 0.8400000000000001 0.15875 0.014992977528089813 0.03999297752808986
03 0.786875 0.411875 0.021245098039215704 0.02624509803921571
00 0.653125 0.920625 0.028706896551724204 0.023706896551724088
01 0.031875 0.309375 0.028728448275862066 0.028728448275862073
01 0.21875 0.518125 0.014886363636363642 0.013636363636363558
10 0.684375 0.26875 0.031235795454545356 0.02498579545454549
09 0.03375 0.24875 0.02246951219512195 0.034969512195121955
