09 0.9512499999999999 0.8868750000000001 0.04998355263157894 0.043733552631578854
13 0.7168749999999999 0.426875 0.1212416107382549 0.12624161073825502
14 0.611875 0.133125 0.07120689655172419 0.07620689655172412
02 0.850625 0.07875000000000001 0.09124444444444435 0.11999444444444446
01 0.240625 0.042499999999999996 0.06123809523809526 0.04498809523809523
03 0.4325 0.555625 0.08749297752808982 0.03374297752808986
07 0.2475 0.481875 0.0474950980392157 0.028745098039215655
00 0.751875 0.20500000000000002 0.0387068965517241 0.027456896551724147
01 0.370625 0.763125 0.02372844827586207 0.01622844827586223
20 0.654375 0.23562499999999997 0.03863636363636358 0.03363636363636366
15 0.19625 0.666875 0.05498579545454546 0.0762357954545454
13 0.67625 0.6425000000000001 0.10746951219512191 0.11746951219512203
01 0.0375 0.429375 0.04748214285714285 0.036232142857142824
