02 0.49375 0.85875 0.059983552631578896 0.06498355263157896
09 0.21625 0.33999999999999997 0.06249161073825504 0.04249161073825508
03 0.08562499999999999 0.1225 0.05870689655172414 0.05745689655172413
16 0.05750000000000001 0.45999999999999996 0.06749444444444445 0.05749444444444446
06 0.7706249999999999 0.661875 0.03373809523809512 0.13123809523809515
03 0.77 0.74125 0.014992977528089924 0.029992977528089826
00 0.2825 0.84625 0.05249509803921565 0.04999509803921576
15 0.66875 0.30062500000000003 0.03745689655172413 0.05120689655172411
11 0.823125 0.760625 0.053728448275862206 0.038728448275862304
03 0.65375 0.563125 0.024886363636363762 0.03863636363636358
15 0.551875 0.08937500000000001 0.14623579545454546 0.04873579545454547
01 0.1625 0.051250000000000004 0.02996951219512195 0.024969512195121953
