11 0.888125 0.8981250000000001 0.043733552631578854 0.031233552631578898
03 0.31 0.09375 0.03999161073825508 0.05499161073825504
05 0.587489224137931 0.848125 0.03747844827586211 0.053706896551724115
18 0.264375 0.139375 0.03374444444444441 0.03624444444444447
00 0.188125 0.36624999999999996 0.05373809523809528 0.03498809523809526
01 0.645 0.5125 0.049992977528089844 0.04249297752808989
00 0.23812500000000003 0.3275 0.053745098039215705 0.042495098039215695
11 0.84125 0.19187500000000002 0.04495689655172408 0.04120689655172413
08 0.571875 0.409375 0.08122844827586206 0.043728448275862086
04 0.16 0.380625 0.03488636363636366 0.03613636363636363
09 0.066875 0.678125 0.061235795454545466 0.03623579545454536
11 0.5387500000000001 0.18 0.05496951219512203 0.037469512195121984
08 0.52 0.270625 0.05498214285714287 0.04873214285714281
