10 0.9650000000000001 0.611875 0.029983552631578925 0.02123355263157889
10 0.288125 0.5687500000000001 0.021241610738255035 0.022491610738255008
09 0.880625 0.765625 0.028706896551724093 0.026206896551724146
09 0.254375 0.660625 0.013744444444444393 0.02874444444444435
01 0.8287500000000001 0.7493749999999999 0.02248809523809514 0.023738095238095114
20 0.6475 0.09375 0.029992977528089826 0.024992977528089877
07 0.030625000000000003 0.27812499999999996 0.008745098039215686 0.02874509803921571
06 0.899375 0.8274999999999999 0.026206896551724146 0.012456896551724106
14 0.22875 0.135625 0.027478448275862072 0.033728448275862064
06 0.46625 0.4 0.019886363636363646 0.04988636363636362
06 0.015625 0.683125 0.023735795454545457 0.0337357954545453
01 0.5137499999999999 0.718125 0.022469512195122054 0.02121951219512197
