14 0.29312499999999997 0.600625 0.04623355263157897 0.023733552631578836
13 0.416875 0.0575 0.15874161073825505 0.09249161073825504
08 0.354375 0.365625 0.011206896551724133 0.05120689655172411
12 0.49375 0.5918749999999999 0.0374944444444445 0.04124444444444453
10 0.755 0.901875 0.03248809523809504 0.03373809523809512
04 0.394375 0.111875 0.03374297752808986 0.03624297752808987
06 0.250625 0.19187500000000002 0.11124509803921567 0.041245098039215694
07 0.6575 0.868125 0.04495689655172408 0.036206896551724155
01 0.139375 0.9293750000000001 0.018728448275862064 0.018728448275862175
15 0.71 0.494375 0.03238636363636371 0.08613636363636362
02 0.5918749999999999 0.405625 0.07873579545454545 0.03373579545454547
07 0.88 0.38125 0.08746951219512189 0.024969512195121946
04 0.8731249999999999 0.9299999999999999 0.03873214285714288 0.039982142857142855
