03 0.5618749999999999 0.28625 0.04123355263157891 0.03248355263157898
01 0.469375 0.983125 0.018741610738255032 0.013741610738254861
02 0.370625 0.40125 0.02120689655172414 0.01745689655172411
10 0.04 0.39375 0.022494444444444442 0.022494444444444484
20 0.798125 0.11499999999999999 0.021238095238095167 0.022488095238095238
16 0.33687500000000004 0.5425 0.02624297752808985 0.04249297752808978
07 0.621875 0.22937377450980392 0.09124509803921577 0.03374754901960786
00 0.23125 0.72875 0.027456896551724147 0.029956896551724066
06 0.9525 0.711875 0.032478448275862215 0.01622844827586223
10 0.125625 0.6400000000000001 0.018636363636363645 0.019886363636363646
14 0.11624999999999999 0.460625 0.01998579545454547 0.016235795454545454
00 0.610625 0.8518749999999999 0.02121951219512197 0.016219512195121966
13 0.89375 0.3725 0.06998214285714288 0.06248214285714282
