11 0.078125 0.45562499999999995 0.05873355263157895 0.0337335526315789
13 0.575 0.83375 0.04499161073825497 0.2149916107382549
08 0.6331249999999999 0.221875 0.07120689655172419 0.04120689655172413
19 0.556875 0.931875 0.04624444444444453 0.04874444444444437
16 0.840625 0.34375 0.0612380952380952 0.06748809523809529
18 0.120625 0.38187499999999996 0.033742977528089885 0.03624297752808986
17 0.6637500000000001 0.144375 0.059995098039215766 0.06624509803921569
03 0.48250000000000004 0.119375 0.034956896551724126 0.033706896551724125
08 0.380625 0.4425 0.031228448275862075 0.06747844827586202
08 0.5775 0.885625 0.03488636363636366 0.06863636363636383
14 0.93375 0.5562499999999999 0.04998579545454529 0.05748579545454546
15 0.530625 0.25875000000000004 0.03871951219512204 0.06496951219512198
01 0.849375 0.780625 0.04123214285714283 0.03373214285714288
10 0.8987499999999999 0.55125 0.02498750000000005 0.049987500000000074
