09 0.425625 0.07375 0.031233552631578898 0.019983552631578944
13 0.9512499999999999 0.30625 0.029991610738254848 0.09749161073825502
12 0.06874999999999999 0.246875 0.044956896551724135 0.043706896551724134
06 0.711875 0.858125 0.07374444444444439 0.09124444444444435
03 0.936875 0.026875000000000003 0.021238095238095056 0.03373809523809524
05 0.884375 0.596875 0.0312429775280898 0.03124297752808991
09 0.7825 0.483125 0.032495098039215686 0.016245098039215644
03 0.310625 0.295625 0.02120689655172414 0.023706896551724144
14 0.9537500000000001 0.021875000000000002 0.04747844827586223 0.03622844827586207
13 0.33375 0.86375 0.059886363636363626 0.057386363636363735
11 0.9281250000000001 0.708125 0.0337357954545453 0.0287357954545453
04 0.20750000000000002 0.706875 0.03996951219512199 0.03121951219512198
