09 0.903125 0.856875 0.0362335526315789 0.026233552631579005
12 0.7093750000000001 0.08 0.038741610738254884 0.03749161073825504
03 0.829375 0.584375 0.036206896551724155 0.036206896551724155
08 0.61625 0.5018750000000001 0.03499444444444444 0.053744444444444484
11 0.161875 0.63375 0.03123809523809526 0.03248809523809515
01 0.735625 0.443125 0.036242977528089804 0.028742977528089853
14 0.51125 0.32375 0.02999509803921563 0.03499509803921569
15 0.22749999999999998 0.104375 0.04745689655172411 0.04870689655172411
14 0.8843749999999999 0.5774999999999999 0.018728448275862175 0.06497844827586208
01 0.085625 0.5900000000000001 0.031136363636363643 0.02488636363636354
06 0.5843750000000001 0.34375 0.026235795454545463 0.05998579545454552
