02 0.943125 0.170625 0.10123355263157885 0.02623355263157895
08 0.110625 0.54125 0.03874161073825505 0.027491610738255012
01 0.2425 0.481875 0.024956896551724145 0.018706896551724084
14 0.495625 0.753125 0.03624444444444447 0.07624444444444434
17 0.643125 0.850625 0.041238095238095185 0.041238095238095185
06 0.665625 0.9450000000000001 0.04874297752808987 0.07999297752808976
00 0.81125 0.24625 0.032495098039215686 0.029995098039215684
15 0.723125 0.57375 0.02120689655172414 0.049956896551724084
02 0.629375 0.5125 0.036228448275862135 0.04997844827586201
10 0.23125 0.1375 0.029886363636363683 0.01988636363636362
