02 0.285625 0.94625 0.043733552631578965 0.039983552631578934
20 0.286875 0.95 0.031241610738255043 0.029991610738254848
04 0.630625 0.429375 0.0387068965517241 0.02120689655172414
03 0.740625 0.596875 0.033744444444444355 0.03874444444444458
08 0.19250297619047618 0.77625 0.04749404761904763 0.052488095238095056
15 0.505 0.8887499999999999 0.019992977528089817 0.03749297752808978
10 0.03875000000000001 0.6937500000000001 0.03499509803921569 0.022495098039215677
20 0.891875 0.46375 0.028706896551724093 0.024956896551724173
04 0.30625 0.96 0.03747844827586205 0.039978448275862166
01 0.4075 0.41312499999999996 0.03238636363636355 0.03363636363636363
10 0.078125 0.74375 0.03373579545454546 0.019985795454545263
