12 0.9706250000000001 0.31375 0.02873355263157895 0.029983552631578925
10 0.619375 0.348125 0.023741610738255092 0.02624161073825504
14 0.224375 0.653125 0.016206896551724137 0.04870689655172411
05 0.573125 0.788125 0.036244444444444524 0.021244444444444288
18 0.143125 0.5818749999999999 0.011238095238095214 0.013738095238095327
19 0.58 0.494375 0.02749297752808988 0.031242977528089855
15 0.08875 0.503125 0.02249509803921569 0.013745098039215642
04 0.07501077586206896 0.771875 0.022478448275862067 0.016206896551724137
12 0.166875 0.446875 0.05372844827586207 0.04372844827586203
16 0.8868750000000001 0.848125 0.026136363636363735 0.036136363636363744
14 0.518125 0.874375 0.03873579545454542 0.03623579545454536
