12 0.37124999999999997 0.33499999999999996 0.034983552631578874 0.03498355263157893
20 0.725625 0.680625 0.021241610738254924 0.02374161073825487
18 0.47125 0.504375 0.014956896551724164 0.01870689655172414
03 0.0375 0.303125 0.022494444444444442 0.01624444444444445
09 0.5943750000000001 0.401875 0.026238095238095283 0.016238095238095274
01 0.02 0.8999999999999999 0.02249297752808989 0.022492977528089875
04 0.0875 0.6825 0.02249509803921569 0.02249509803921579
08 0.14 0.67625 0.027456896551724147 0.01745689655172411
05 0.729375 0.6143749999999999 0.028728448275862295 0.01372844827586206
10 0.915625 0.62375 0.03113636363636374 0.03488636363636366
02 0.821875 0.8018749999999999 0.04623579545454537 0.05373579545454532
