20 0.495 0.05625000000000001 0.03498355263157893 0.02998355263157896
14 0.39749999999999996 0.855 0.03499161073825502 0.0274916107382549
14 0.505625 0.5331250000000001 0.061206896551724066 0.03120689655172415
15 0.775 0.685 0.022494444444444373 0.029994444444444324
07 0.86 0.464375 0.07248809523809507 0.026238095238095283
10 0.29125 0.513125 0.02749297752808988 0.036242977528089804
14 0.784375 0.4975 0.036245098039215606 0.042495098039215695
07 0.321875 0.72 0.07120689655172413 0.04495689655172408
04 0.91125 0.325625 0.03997844827586228 0.03372844827586208
03 0.7749999999999999 0.806875 0.03738636363636372 0.033636363636363686
20 0.435625 0.42000000000000004 0.02123579545454546 0.017485795454545483
13 0.608125 0.765625 0.056219512195122 0.09371951219512198
11 0.78625 0.76 0.039982142857142744 0.022482142857142895
03 0.815625 0.42500000000000004 0.04873749999999999 0.05998750000000003
