05 0.406875 0.5431250000000001 0.02373355263157889 0.02873355263157895
08 0.656875 0.114375 0.008741610738254968 0.03624161073825505
18 0.5900000000000001 0.385625 0.00995689655172416 0.013706896551724135
10 0.903125 0.688125 0.02874444444444435 0.023744444444444346
00 0.178125 0.431875 0.018738095238095276 0.018738095238095276
18 0.568125 0.836875 0.018742977528089844 0.0212429775280899
19 0.5887500000000001 0.18125 0.032495098039215686 0.03999509803921569
07 0.760625 0.414375 0.018706896551724084 0.023706896551724088
13 0.210625 0.67875 0.04622844827586206 0.032478448275862215
15 0.78 0.384375 0.024886363636363762 0.01613636363636356
15 0.434375 0.6924999999999999 0.016235795454545454 0.02248579545454532
13 0.66875 0.05125 0.03246951219512206 0.07246951219512195
20 0.295625 0.97125 0.021232142857142866 0.01748214285714289
