18 0.6581250000000001 0.855 0.033733552631578845 0.037483552631578876
20 0.200625 0.8968750000000001 0.03874161073825505 0.038741610738254884
12 0.06874999999999999 0.181875 0.052456896551724135 0.05370689655172414
16 0.18687499999999999 0.249375 0.06624444444444444 0.061244444444444435
07 0.239375 0.30125 0.09123809523809526 0.02248809523809525
05 0.158125 0.06687499999999999 0.041242977528089864 0.04624297752808988
03 0.8525 0.49250000000000005 0.05499509803921565 0.027495098039215737
15 0.11624999999999999 0.19875 0.01245689655172412 0.032456896551724124
10 0.575625 0.7324999999999999 0.043728448275862086 0.03497844827586227
10 0.245625 0.11375 0.03613636363636369 0.03488636363636363
00 0.750625 0.411875 0.048735795454545316 0.031235795454545467
15 0.673125 0.381875 0.02121951219512197 0.026219512195121975
14 0.313125 0.05062499999999999 0.06873214285714285 0.043732142857142844
07 0.5475 0.231875 0.06248750000000003 0.03123750000000003
