07 0.466875 0.18625 0.01123355263157888 0.027483552631578978
18 0.665 0.14875 0.014991610738254946 0.01749161073825506
18 0.0225 0.93125 0.012456896551724137 0.014956896551724164
19 0.1175 0.701875 0.019994444444444467 0.013744444444444337
02 0.218125 0.639375 0.023738095238095253 0.023738095238095114
02 0.36125 0.6112500000000001 0.01749297752808987 0.03499297752808983
13 0.9237500000000001 0.10125 0.04999509803921576 0.03749509803921569
11 0.80125 0.8243750000000001 0.019956896551724057 0.01370689655172408
09 0.076875 0.6993750000000001 0.031228448275862068 0.028728448275862184
10 0.851875 0.0175 0.02113636363636373 0.017386363636363634
20 0.4925 0.34625 0.017485795454545427 0.017485795454545427
07 0.070625 0.510625 0.02621951219512194 0.023719512195121917
13 0.51125 0.9375 0.062482142857142875 0.07998214285714278
01 0.16125 0.96875 0.022487499999999994 0.022487499999999994
