13 0.5725 0.4575 0.0624835526315789 0.04498355263157888
08 0.62 0.85625 0.03999161073825497 0.017491610738254892
06 0.2175 0.344375 0.04245689655172413 0.023706896551724144
01 0.44937499999999997 0.8043750000000001 0.013744444444444504 0.013744444444444448
15 0.16187500000000002 0.813125 0.046238095238095245 0.041238095238095074
20 0.323125 0.9175 0.02624297752808985 0.02499297752808982
07 0.909375 0.605625 0.031245098039215713 0.04874509803921567
03 0.7931250000000001 0.926875 0.0337068965517241 0.026206896551724146
16 0.6681250000000001 0.828125 0.018728448275862175 0.038728448275862304
18 0.55375 0.69375 0.019886363636363646 0.022386363636363704
19 0.7306250000000001 0.899375 0.021235795454545348 0.041235795454545365
