04 0.879375 0.7224999999999999 0.026233552631578894 0.019983552631578916
01 0.1925 0.16875 0.01999161073825506 0.01749161073825503
03 0.8825000000000001 0.5225 0.022456896551724115 0.03495689655172407
10 0.681875 0.219375 0.026244444444444293 0.031244444444444436
01 0.648125 0.788125 0.033738095238095234 0.028738095238095118
01 0.6075 0.88125 0.029992977528089826 0.019992977528089817
00 0.27 0.18875 0.03999509803921569 0.03999509803921569
06 0.7193750000000001 0.07624999999999998 0.03120689655172415 0.029956896551724135
14 0.59375 0.036250000000000004 0.024978448275862153 0.04747844827586207
04 0.766875 0.875 0.036136363636363744 0.03488636363636366
14 0.81375 0.965 0.02498579545454538 0.03998579545454528
