13 0.2925 0.8825000000000001 0.052483552631578945 0.029983552631578925
04 0.24125000000000002 0.2025 0.022491610738255036 0.01749161073825503
07 0.49250000000000005 0.825 0.037456896551724184 0.019956896551724168
00 0.391875 0.356875 0.02624444444444446 0.018744444444444452
15 0.45875 0.303125 0.017488095238095247 0.01123809523809527
01 0.145625 0.154375 0.013742977528089895 0.00874297752808989
03 0.515 0.105 0.024995098039215735 0.03749509803921569
20 0.35125 0.58375 0.014956896551724164 0.014956896551724164
18 0.22 0.49124999999999996 0.012478448275862086 0.014978448275862088
09 0.21250000000000002 0.09125 0.022386363636363676 0.03238636363636363
19 0.43125 0.451875 0.012485795454545479 0.031235795454545467
