09 0.16999999999999998 0.141875 0.014983552631578995 0.031233552631578954
04 0.22 0.70125 0.01749161073825506 0.022491610738254897
15 0.578760775862069 0.40375 0.022478448275861984 0.02745689655172412
11 0.10375 0.79625 0.02749444444444446 0.019994444444444426
20 0.21125 0.056875 0.02248809523809528 0.016238095238095232
06 0.510625 0.499375 0.07374297752808984 0.011242977528089837
18 0.25875000000000004 0.02375 0.02499509803921568 0.02749509803921569
10 0.415625 0.0275 0.021206896551724086 0.022456896551724136
01 0.03 0.5449999999999999 0.02497844827586207 0.024978448275862042
11 0.67875 0.489375 0.024886363636363762 0.018636363636363562
10 0.97 0.270625 0.02498579545454538 0.018735795454545512
