15 0.30937499999999996 0.16562500000000002 0.02623355263157895 0.01873355263157897
00 0.828125 0.878125 0.021241610738254924 0.01624161073825492
01 0.31 0.589375 0.012456896551724106 0.016206896551724137
20 0.581875 0.46562499999999996 0.018744444444444452 0.018744444444444508
06 0.825 0.694375 0.04748809523809505 0.08123809523809511
20 0.19374999999999998 0.281875 0.017492977528089843 0.01624297752808984
02 0.149375 0.8512500000000001 0.018745098039215702 0.01999509803921573
07 0.954375 0.46375 0.043706896551724106 0.00995689655172416
20 0.215625 0.73375 0.011228448275862085 0.012478448275862197
12 0.23375 0.619375 0.029886363636363683 0.031136363636363518
03 0.95875 0.26937500000000003 0.04748579545454534 0.03373579545454547
