10 0.12625 0.146875 0.02998355263157894 0.02623355263157895
18 0.861875 0.401875 0.018741610738254866 0.021241610738255035
00 0.885625 0.57875 0.0387068965517241 0.039956896551724075
06 0.5231250000000001 0.9299999999999999 0.05124444444444454 0.08249444444444431
02 0.44937499999999997 0.8981250000000001 0.09373809523809523 0.04623809523809508
11 0.895 0.26 0.04499297752808984 0.04249297752808984
07 0.48375 0.65375 0.11499509803921565 0.06499509803921566
10 0.573125 0.400625 0.0387068965517241 0.028706896551724093
20 0.290625 0.53375 0.03372844827586202 0.03497844827586205
15 0.7887500000000001 0.713125 0.04238636363636383 0.07613636363636367
