00 0.83875 0.7693749999999999 0.10248355263157882 0.09623355263157884
02 0.431875 0.55625 0.08374161073825503 0.134991610738255
11 0.811875 0.44875 0.10870689655172416 0.05995689655172415
11 0.1525 0.63625 0.09249444444444445 0.07499444444444436
17 0.20625000000000002 0.12437500000000001 0.10248809523809527 0.12123809523809526
07 0.09437499999999999 0.11875 0.16874297752808987 0.1649929775280899
13 0.473125 0.13874999999999998 0.17374509803921567 0.24499509803921568
18 0.2925 0.056249999999999994 0.0724568965517241 0.07495689655172413
00 0.106875 0.164375 0.11872844827586204 0.07872844827586206
02 0.13 0.75875 0.10738636363636365 0.12238636363636368
00 0.62375 0.8756250000000001 0.10248579545454539 0.06373579545454533
07 0.199375 0.8374999999999999 0.18121951219512195 0.087469512195122
01 0.833125 0.4925 0.09373214285714293 0.07498214285714278
08 0.613125 0.266875 0.15873749999999998 0.07623750000000001
