15 0.6950000000000001 0.286875 0.03498355263157882 0.026233552631579005
05 0.6993750000000001 0.35 0.018741610738254866 0.04999161073825503
06 0.080625 0.743125 0.03370689655172414 0.15620689655172415
10 0.8768750000000001 0.7224999999999999 0.021244444444444288 0.019994444444444315
06 0.383125 0.46625 0.09123809523809523 0.07998809523809525
18 0.16812499999999997 0.92125 0.026242977528089878 0.029992977528089826
16 0.083125 0.1775 0.0312450980392157 0.05999509803921568
14 0.258125 0.29875 0.05870689655172412 0.04245689655172413
09 0.905 0.333125 0.039978448275862166 0.043728448275862086
08 0.08625 0.754375 0.06488636363636363 0.03113636363636374
