02 0.6475 0.8625 0.03498355263157893 0.029983552631578925
14 0.383125 0.23875000000000002 0.05874161073825501 0.03749161073825505
09 0.306875 0.753125 0.0337068965517241 0.05120689655172417
04 0.815 0.60375 0.03999444444444433 0.029994444444444435
02 0.419375 0.400625 0.0462380952380953 0.08873809523809528
03 0.981875 0.8362499999999999 0.016242977528089786 0.027492977528089768
11 0.473125 0.5856250000000001 0.04874509803921567 0.04124509803921572
12 0.859375 0.775625 0.04370689655172422 0.04870689655172411
14 0.605 0.44875 0.03247844827586199 0.049978448275862064
03 0.13812500000000003 0.824375 0.04863636363636366 0.06363636363636371
00 0.13874999999999998 0.41812499999999997 0.03748579545454547 0.028735795454545465
18 0.16875 0.33499999999999996 0.027469512195121948 0.02996951219512195
12 0.15125 0.604375 0.05498214285714287 0.053732142857142895
04 0.4525 0.224375 0.034987500000000005 0.03873750000000001
