10 0.440625 0.5275000000000001 0.026233552631578894 0.022483552631578863
20 0.38312500000000005 0.58125 0.033741610738255046 0.01999161073825506
13 0.23375 0.9824999999999999 0.027456896551724147 0.02495689655172406
14 0.5 0.0975 0.02499444444444454 0.029994444444444462
17 0.950625 0.77125 0.03373809523809512 0.024988095238095198
08 0.8712500000000001 0.77875 0.04499297752808984 0.039992977528089946
08 0.806875 0.39374877450980394 0.013745098039215753 0.017497549019607817
05 0.10875 0.03375 0.032456896551724124 0.027456896551724144
06 0.7112499999999999 0.725625 0.08247844827586215 0.02372844827586218
15 0.62875 0.978125 0.014886363636363642 0.018636363636363784
11 0.22062500000000002 0.5943750000000001 0.02623579545454549 0.026235795454545463
01 0.646875 0.45875 0.028719512195122032 0.022469512195121943
00 0.8131250000000001 0.10875 0.02123214285714281 0.012482142857142858
14 0.29000000000000004 0.31999999999999995 0.014987499999999987 0.03998750000000001
