11 0.428125 0.9075 0.02373355263157889 0.017483552631578858
05 0.460625 0.261875 0.011241610738255026 0.026241610738255067
11 0.9550000000000001 0.95375 0.022456896551724115 0.019956896551724057
06 0.47750000000000004 0.40625 0.009994444444444472 0.019994444444444537
13 0.299375 0.801875 0.041238095238095296 0.06373809523809504
06 0.230625 0.39625 0.058742977528089824 0.022492977528089875
01 0.09875 0.38187499999999996 0.014995098039215685 0.013745098039215697
20 0.39249999999999996 0.113125 0.014956896551724108 0.013706896551724135
20 0.63875 0.355 0.019978448275862037 0.017478448275862035
00 0.9468749999999999 0.38187499999999996 0.026136363636363735 0.02613636363636357
