08 0.39937500000000004 0.85375 0.05373355263157892 0.03248355263157898
03 0.181875 0.245625 0.013741610738255056 0.05374161073825506
14 0.9825 0.09375 0.01745689655172411 0.024956896551724117
02 0.12875 0.26375 0.02999444444444445 0.029994444444444407
15 0.70875 0.36625 0.009988095238095074 0.027488095238095256
04 0.544375 0.468125 0.04124297752808992 0.023742977528089848
15 0.265625 0.90375 0.021245098039215704 0.02999509803921574
10 0.754375 0.490625 0.026206896551724146 0.01870689655172414
01 0.900625 0.36624999999999996 0.03122844827586224 0.019978448275862093
08 0.53625 0.46375 0.029886363636363544 0.04488636363636356
14 0.6799999999999999 0.785625 0.012485795454545312 0.04373579545454531
