03 0.029375000000000005 0.285625 0.028733552631578955 0.053733552631578974
05 0.858125 0.899375 0.01624161073825492 0.038741610738254884
03 0.230625 0.811875 0.041206896551724104 0.05120689655172406
02 0.226875 0.745 0.021244444444444427 0.03249444444444438
08 0.94 0.16000000000000003 0.04748809523809505 0.04998809523809525
02 0.818125 0.87625 0.0312429775280898 0.032492977528089884
20 0.444375 0.21125 0.0162450980392157 0.014995098039215699
08 0.89125 0.8662392241379311 0.019956896551724057 0.024978448275862042
08 0.745 0.361875 0.10997844827586212 0.03122844827586202
15 0.075625 0.704375 0.026136363636363624 0.04613636363636375
12 0.22562500000000002 0.1925 0.04623579545454545 0.04248579545454545
06 0.678125 0.595 0.03871951219512204 0.07246951219512199
15 0.41125 0.22625 0.02248214285714284 0.037482142857142825
08 0.833125 0.830625 0.03123750000000003 0.03373750000000009
