16 0.846875 0.6875 0.07623355263157883 0.052483552631579
06 0.104375 0.11812500000000001 0.08874161073825504 0.07874161073825504
18 0.708125 0.034375 0.036206896551724155 0.03870689655172414
03 0.6775 0.5862499999999999 0.04999444444444434 0.029994444444444546
19 0.20125 0.4275 0.04498809523809527 0.03998809523809527
02 0.20875 0.490625 0.06749297752808986 0.058742977528089824
03 0.566875 0.11875 0.04124509803921572 0.057495098039215695
07 0.45061422413793106 0.9412499999999999 0.06372844827586205 0.032456896551724124
11 0.764375 0.7637499999999999 0.0487284482758622 0.049978448275862175
08 0.8206249999999999 0.49250000000000005 0.01363636363636378 0.0298863636363636
03 0.8943785511363637 0.745625 0.05874289772727259 0.07123579545454528
