08 0.9318708881578948 0.376875 0.018741776315789438 0.026233552631578894
04 0.383125 0.93875 0.02624161073825504 0.01999161073825495
08 0.683135775862069 0.9675 0.033728448275861966 0.032456896551724124
03 0.7656263888888889 0.7 0.023747222222222142 0.014994444444444421
05 0.175 0.7962499999999999 0.02498809523809528 0.02248809523809514
03 0.074375 0.581875 0.018742977528089885 0.016242977528089897
06 0.86625 0.6375 0.042495098039215695 0.052495098039215704
03 0.20375 0.51125 0.022456896551724143 0.024956896551724117
08 0.12875 0.49687499999999996 0.01747844827586205 0.038728448275862026
20 0.59625 0.14875 0.022386363636363593 0.017386363636363644
12 0.390625 0.65875 0.026235795454545463 0.027485795454545325
20 0.19374999999999998 0.475 0.01996951219512197 0.014969512195121937
01 0.15625 0.8656250000000001 0.019982142857142865 0.018732142857142864
11 0.3 0.018125000000000002 0.022487499999999994 0.0187375
