00 0.383125 0.3875 0.04123355263157891 0.03498355263157893
09 0.67375 0.6074999999999999 0.10999161073825503 0.05499161073825498
05 0.5075000000000001 0.735 0.049956896551724195 0.024956896551724173
18 0.81 0.34624999999999995 0.03249444444444427 0.034994444444444495
04 0.048125 0.669375 0.046238095238095245 0.048738095238095025
12 0.731875 0.081875 0.10624297752808987 0.10624297752808988
15 0.43625 0.753125 0.022495098039215733 0.0737450980392157
13 0.21437499999999998 0.43 0.1262068965517241 0.11495689655172414
00 0.525 0.1975 0.042478448275862 0.039978448275862055
03 0.44 0.556875 0.0898863636363636 0.05613636363636365
10 0.5706249999999999 0.9281250000000001 0.033735795454545525 0.023735795454545294
13 0.66375 0.458125 0.12496951219512198 0.08621951219512197
