09 0.903125 0.909375 0.03873355263157896 0.043733552631578854
13 0.1575 0.6699999999999999 0.042491610738255026 0.09749161073825496
03 0.833125 0.34375 0.008706896551724075 0.019956896551724168
04 0.8868750000000001 0.21375 0.026244444444444404 0.019994444444444426
00 0.4525 0.831875 0.02248809523809525 0.016238095238095163
03 0.6575 0.946875 0.022492977528089875 0.018742977528089844
02 0.97125 0.645 0.01999509803921573 0.042495098039215695
01 0.196875 0.455625 0.016206896551724137 0.01370689655172408
03 0.41500000000000004 0.36875 0.02247844827586204 0.03747844827586205
02 0.37250000000000005 0.59375 0.024886363636363595 0.02488636363636365
14 0.40125 0.931875 0.017485795454545427 0.033735795454545414
07 0.06562499999999999 0.390625 0.06371951219512194 0.023719512195122028
01 0.518125 0.47062499999999996 0.016232142857142917 0.01873214285714281
