06 0.9475 0.894375 0.037483552631578876 0.05623355263157892
15 0.791875 0.546875 0.031241610738254932 0.031241610738255154
03 0.17126077586206898 0.451875 0.04497844827586206 0.01870689655172414
01 0.735625 0.35562499999999997 0.0212444444444444 0.021244444444444455
14 0.79 0.7675 0.014988095238095078 0.0399880952380951
20 0.14 0.796875 0.022492977528089902 0.02374297752808996
04 0.47562499999999996 0.374375 0.023745098039215706 0.021245098039215704
18 0.800625 0.40937500000000004 0.016206896551724137 0.01870689655172414
03 0.940625 0.385625 0.021228448275862122 0.011228448275862057
11 0.55375 0.541875 0.029886363636363655 0.026136363636363624
