08 0.410625 0.25875000000000004 0.048733552631578914 0.117483552631579
10 0.219375 0.233125 0.03874161073825502 0.031241610738255043
15 0.879375 0.596875 0.0862068965517242 0.10870689655172405
00 0.8031250000000001 0.0225 0.03874444444444436 0.03499444444444444
01 0.410625 0.343125 0.06373809523809526 0.06373809523809526
14 0.24562499999999998 0.5625 0.10124297752808983 0.05499297752808996
14 0.9143749999999999 0.106875 0.03374509803921566 0.0787450980392157
03 0.295625 0.8025 0.10120689655172413 0.06495689655172421
01 0.933125 0.18062499999999998 0.05122844827586226 0.03372844827586205
06 0.078125 0.47375 0.018636363636363645 0.24738636363636357
04 0.864375 0.51 0.058735795454545325 0.04498579545454545
09 0.62125 0.11000000000000001 0.06246951219512198 0.07246951219512195
12 0.4625 0.26875 0.05498214285714281 0.057482142857142815
