03 0.118125 0.011875000000000002 0.013733552631578938 0.01873355263157895
18 0.670625 0.648125 0.01624161073825492 0.018741610738254977
18 0.91125 0.56875 0.014956896551724164 0.01745689655172411
01 0.8075000000000001 0.6125 0.007494444444444359 0.007494444444444581
09 0.33625 0.9043749999999999 0.017488095238095247 0.031238095238095176
14 0.26749999999999996 0.1075 0.024992977528089877 0.02749297752808988
03 0.6056250000000001 0.93125 0.021245098039215704 0.017495098039215673
03 0.6925 0.44937499999999997 0.019956896551724057 0.02620689655172409
01 0.6268750000000001 0.729375 0.01372844827586206 0.01372844827586217
04 0.853125 0.78375 0.018636363636363784 0.019886363636363646
11 0.10125 0.401875 0.01998579545454547 0.02123579545454546
07 0.879375 0.18 0.051219512195122 0.017469512195121967
06 0.67 0.33125 0.014982142857142833 0.057482142857142815
20 0.510625 0.021249999999999998 0.011237500000000011 0.0099875
