03 0.8356250000000001 0.4125 0.04123355263157891 0.057483552631578894
15 0.55 0.6756249999999999 0.06749161073825505 0.03624161073825494
00 0.49624999999999997 0.14125 0.049956896551724084 0.04245689655172412
08 0.44437499999999996 0.659375 0.03624444444444447 0.016244444444444395
14 0.31625000000000003 0.715625 0.03498809523809526 0.028738095238095118
07 0.104375 0.6481250000000001 0.09874297752808989 0.06124297752808994
20 0.36812500000000004 0.634375 0.018745098039215702 0.0162450980392157
06 0.671875 0.128125 0.09620689655172421 0.08120689655172413
03 0.9606250000000001 0.29375 0.05122844827586215 0.024978448275862042
03 0.16437500000000002 0.56 0.05363636363636365 0.03488636363636355
