11 0.36875 0.16000000000000003 0.01998355263157886 0.022483552631578946
05 0.913125 0.239375 0.018741610738254866 0.018741610738255032
14 0.33875 0.420625 0.02745689655172412 0.013706896551724135
11 0.051875000000000004 0.47250000000000003 0.018744444444444446 0.02249444444444454
00 0.489375 0.221875 0.023738095238095225 0.026238095238095255
06 0.955625 0.33499999999999996 0.01374297752808984 0.024992977528089877
02 0.403125 0.09187377450980393 0.0162450980392157 0.016247549019607843
09 0.9693750000000001 0.856875 0.02120689655172414 0.023706896551724088
04 0.435625 0.473125 0.02372844827586207 0.02372844827586207
18 0.3125 0.73875 0.012386363636363695 0.014886363636363753
07 0.77875 0.511875 0.034985795454545277 0.018735795454545512
03 0.32625000000000004 0.5625 0.01246951219512199 0.029969512195122006
18 0.159375 0.925 0.01373214285714286 0.014982142857142833
