10 0.375625 0.6756249999999999 0.04373355263157891 0.03873355263157896
11 0.934375 0.5706249999999999 0.04374161073825489 0.05374161073825501
13 0.295625 0.7675000000000001 0.07870689655172408 0.1274568965517241
12 0.075625 0.1725 0.06374444444444445 0.062494444444444436
20 0.8225 0.8474999999999999 0.03498809523809521 0.03248809523809515
18 0.73875 0.39875 0.029992977528089826 0.032492977528089884
20 0.124375 0.6387499999999999 0.043745098039215696 0.02999509803921574
09 0.692489224137931 0.91 0.04747844827586212 0.03745689655172413
13 0.506875 0.8206249999999999 0.061228448275862046 0.1587284482758623
03 0.684375 0.849375 0.04613636363636375 0.09363636363636374
00 0.21375 0.039375 0.05748579545454546 0.04623579545454545
11 0.365625 0.7887500000000001 0.05121951219512194 0.029969512195121895
01 0.308125 0.181875 0.03123214285714282 0.02373214285714284
