03 0.299375 0.265 0.021233552631579 0.027483552631578978
14 0.87125 0.37312500000000004 0.022491610738254897 0.06374161073825507
11 0.593125 0.244375 0.0387068965517241 0.02870689655172412
20 0.18625 0.3125 0.03249444444444444 0.02999444444444449
11 0.70875 0.30062500000000003 0.03248809523809504 0.036238095238095236
15 0.508125 0.2 0.028742977528089908 0.02749297752808985
17 0.939375 0.596875 0.038745098039215664 0.038745098039215775
00 0.5131249999999999 0.811875 0.04620689655172411 0.028706896551724093
14 0.073125 0.71625 0.04122844827586207 0.03747844827586222
16 0.48125 0.27749999999999997 0.039886363636363664 0.052386363636363675
00 0.6275 0.9199999999999999 0.03998579545454539 0.029985795454545383
02 0.90375 0.435625 0.057469512195121975 0.04621951219512199
07 0.1525 0.35625 0.04498214285714286 0.09748214285714285
06 0.458125 0.78375 0.02123750000000002 0.03498750000000006
