09 0.480625 0.13 0.0362335526315789 0.024983552631578934
08 0.103125 0.82375 0.016241610738255044 0.052491610738254924
03 0.9550000000000001 0.54125 0.0649568965517241 0.03495689655172418
08 0.943125 0.356875 0.033744444444444355 0.016244444444444506
04 0.40625 0.44375 0.03498809523809532 0.03248809523809526
01 0.724375 0.624375 0.018742977528089844 0.018742977528089844
11 0.704375 0.47562499999999996 0.03374509803921566 0.018745098039215702
10 0.7375 0.364375 0.02745689655172412 0.03120689655172415
00 0.5931249999999999 0.370625 0.03372844827586208 0.028728448275862073
03 0.7462500000000001 0.019999999999999997 0.024886363636363762 0.019886363636363636
