04 0.65375 0.5125 0.027483552631578978 0.022483552631578863
13 0.7481249999999999 0.479375 0.11874161073825495 0.09874161073825505
08 0.353125 0.371875 0.016206896551724137 0.0337068965517241
18 0.303125 0.33125000000000004 0.0237444444444444 0.024994444444444486
03 0.12375 0.114375 0.06248809523809523 0.02623809523809524
18 0.060625 0.7481249999999999 0.021242977528089894 0.023742977528089848
11 0.634375 0.27 0.03624509803921572 0.032495098039215686
00 0.06562499999999999 0.503125 0.03620689655172414 0.0337068965517241
04 0.370625 0.395 0.03872844827586208 0.027478448275862044
00 0.556875 0.0225 0.031136363636363518 0.029886363636363638
