14 0.093125 0.5293749999999999 0.021233552631578945 0.023733552631578836
10 0.69 0.760625 0.029991610738254848 0.02374161073825487
03 0.593125 0.693125 0.03370689655172421 0.03120689655172404
04 0.09375 0.24562499999999998 0.03249444444444445 0.028744444444444434
15 0.578125 0.7625 0.033738095238095234 0.03748809523809504
06 0.28125 0.349375 0.0024999999999999467 0.053742977528089875
14 0.730625 0.6481250000000001 0.038745098039215664 0.026245098039215597
07 0.78375 0.39249999999999996 0.02495689655172406 0.06995689655172416
18 0.08625 0.9212499999999999 0.014978448275862075 0.0174784482758622
17 0.395625 0.6112500000000001 0.033636363636363575 0.02488636363636354
01 0.86625 0.36312500000000003 0.02248579545454532 0.02373579545454546
08 0.30500762195121955 0.335625 0.012484756097561 0.013719512195122019
