00 0.15750000000000003 0.32875 0.04998355263157897 0.03248355263157898
18 0.0825 0.925 0.02749161073825504 0.029991610738254848
13 0.744375 0.9025 0.05120689655172406 0.07995689655172411
05 0.113125 0.42 0.02874444444444446 0.057494444444444515
13 0.395 0.396875 0.1424880952380953 0.05123809523809525
06 0.18625 0.28125 0.014992977528089868 0.0524929775280899
20 0.45375 0.910625 0.0449950980392157 0.04374509803921567
06 0.429375 0.08812500000000001 0.08370689655172414 0.10870689655172414
03 0.633125 0.879375 0.09122844827586207 0.0437284482758622
06 0.8731249999999999 0.2925 0.10863636363636375 0.10238636363636364
06 0.6199999999999999 0.16375 0.1124857954545454 0.01498579545454548
