14 0.621875 0.3225 0.03873355263157896 0.017483552631578914
04 0.22062500000000002 0.40375 0.026241610738255067 0.022491610738255008
18 0.068125 0.7525 0.016206896551724144 0.01745689655172422
11 0.159375 0.924375 0.023744444444444457 0.031244444444444297
17 0.7625 0.4675 0.03248809523809515 0.032488095238095316
12 0.6975 0.6425 0.02749297752808988 0.02749297752808988
15 0.86 0.4075 0.014995098039215726 0.019995098039215675
15 0.878114224137931 0.5312392241379311 0.016228448275862117 0.03497844827586205
14 0.033125 0.920625 0.02122844827586207 0.04122844827586225
06 0.7480965909090909 0.24125 0.016193181818181857 0.07488636363636364
14 0.67125 0.2575 0.009985795454545254 0.019985795454545485
