00 0.323125 0.90875 0.021233552631578945 0.022483552631578863
06 0.259375 0.7581249999999999 0.06874161073825505 0.0587416107382549
13 0.93625 0.729375 0.05245689655172414 0.061206896551724066
13 0.80125 0.2275 0.16249444444444439 0.014994444444444421
14 0.6031249999999999 0.5587500000000001 0.026238095238095283 0.027488095238095256
08 0.19374999999999998 0.495625 0.019992977528089845 0.013742977528089895
20 0.719375 0.2875 0.018745098039215646 0.01499509803921567
13 0.12937500000000002 0.910625 0.056206896551724145 0.061206896551724066
03 0.6225 0.865 0.032478448275862104 0.022478448275862206
03 0.37375 0.6431250000000001 0.03238636363636355 0.023636363636363678
10 0.8625 0.414375 0.019985795454545374 0.013735795454545507
11 0.16562500000000002 0.3075 0.021219512195121942 0.019969512195121997
