03 0.533125 0.29312499999999997 0.016233552631578885 0.028733552631579007
08 0.47875 0.19125 0.07749161073825506 0.01999161073825506
10 0.499375 0.0475 0.028706896551724148 0.01995689655172414
11 0.8243750000000001 0.951875 0.02874444444444435 0.02874444444444435
04 0.8731249999999999 0.885625 0.03373809523809512 0.01873809523809511
09 0.19812675561797755 0.461875 0.031246488764044927 0.028742977528089853
03 0.7075 0.25375000000000003 0.01999509803921562 0.03499509803921569
12 0.28375 0.65625 0.03745689655172413 0.039956896551724075
13 0.18125000000000002 0.53125 0.022478448275862067 0.049978448275862064
07 0.75625 0.339375 0.05238636363636373 0.018636363636363618
12 0.240625 0.301875 0.038735795454545474 0.038735795454545474
09 0.68125 0.23875000000000002 0.039969512195122014 0.03246951219512198
14 0.61625 0.694375 0.0424821428571428 0.04123214285714283
