14 0.684375 0.048125 0.043733552631578854 0.03623355263157896
01 0.345 0.90875 0.03749161073825508 0.03999161073825486
12 0.3825 0.55375 0.08995689655172412 0.08495689655172411
18 0.443125 0.555 0.04624444444444453 0.047494444444444506
11 0.10312500000000001 0.93875 0.07123809523809524 0.054988095238095114
11 0.464375 0.47250000000000003 0.06124297752808988 0.04249297752808984
03 0.208125 0.7875 0.023745098039215706 0.06999509803921566
03 0.8356250000000001 0.954375 0.02120689655172414 0.05620689655172417
18 0.451875 0.5393749999999999 0.048728448275862035 0.05122844827586215
11 0.08125 0.093125 0.05738636363636363 0.03113636363636363
11 0.685 0.32875 0.06748579545454525 0.05498579545454546
20 0.713125 0.630625 0.023719512195121917 0.023719512195121917
06 0.951875 0.781875 0.061232142857142846 0.053732142857142895
14 0.7562500000000001 0.24812499999999998 0.06748750000000003 0.0587375
