05 0.365625 0.6599999999999999 0.04123355263157891 0.03248355263157887
03 0.31 0.850625 0.16499161073825505 0.17124161073825495
07 0.7418857758620689 0.701875 0.08872844827586202 0.05870689655172412
14 0.86375 0.5293749999999999 0.04499444444444434 0.08624444444444446
20 0.42125 0.044375 0.03498809523809526 0.026238095238095234
12 0.7112499999999999 0.76125 0.0524929775280899 0.05499297752808985
14 0.674375 0.855 0.048745098039215784 0.04499509803921575
16 0.13374999999999998 0.12875 0.06745689655172413 0.03745689655172413
02 0.8981250000000001 0.36875 0.046228448275862255 0.02247844827586204
09 0.35562499999999997 0.375625 0.05113636363636359 0.03863636363636358
12 0.815625 0.18937500000000002 0.04623579545454526 0.06873579545454547
11 0.23124999999999998 0.19437500000000002 0.04996951219512197 0.04871951219512197
09 0.11687499999999999 0.60875 0.05373214285714287 0.03498214285714285
