09 0.795 0.9093708881578948 0.08748355263157892 0.08374177631578938
20 0.215625 0.653125 0.06124161073825504 0.04124161073825494
01 0.651875 0.5 0.028706896551724093 0.024956896551724173
16 0.31625000000000003 0.95875 0.07999444444444448 0.04999444444444434
15 0.788125 0.7362500000000001 0.05373809523809514 0.07248809523809518
15 0.080625 0.2425 0.043742977528089894 0.11999297752808988
10 0.719375 0.073125 0.056245098039215735 0.04124509803921569
13 0.744375 0.6975 0.2262068965517241 0.06245689655172404
13 0.8787499999999999 0.566875 0.17497844827586218 0.07622844827586206
12 0.50875 0.561875 0.07738636363636353 0.07613636363636367
15 0.313125 0.89 0.05873579545454549 0.01498579545454537
00 0.9275 0.7775000000000001 0.04496951219512191 0.04496951219512202
03 0.478125 0.37625 0.06623214285714285 0.08748214285714279
07 0.380625 0.363746875 0.11373750000000005 0.04999375
