10 0.393125 0.17375000000000002 0.031233552631578898 0.02748355263157895
05 0.87625 0.6143749999999999 0.0274916107382549 0.06624161073825496
18 0.04125 0.23062500000000002 0.02995689655172414 0.033706896551724125
04 0.868125 0.70625 0.04874444444444437 0.029994444444444324
04 0.713125 0.7725 0.048738095238095136 0.04248809523809516
09 0.38749999999999996 0.5425 0.04249297752808984 0.05499297752808985
00 0.11624999999999999 0.691875 0.05249509803921569 0.046245098039215726
18 0.9125000000000001 0.40437500000000004 0.032456896551724124 0.0362068965517241
03 0.583125 0.76125 0.06372844827586199 0.10997844827586223
05 0.3075 0.6825 0.057386363636363624 0.02738636363636382
