15 0.846875 0.739375 0.051233552631578916 0.03873355263157885
14 0.285625 0.639375 0.09124161073825504 0.06874161073825491
03 0.43562500000000004 0.308125 0.06620689655172413 0.041206896551724104
14 0.68625 0.8674999999999999 0.12249444444444435 0.10499444444444428
14 0.855 0.380625 0.12248809523809512 0.03623809523809529
02 0.833125 0.32499999999999996 0.07624297752808995 0.09999297752808983
15 0.79625 0.55 0.08249509803921562 0.03499509803921563
03 0.09937499999999999 0.773125 0.13120689655172413 0.12120689655172412
07 0.589375 0.673125 0.03372844827586208 0.1162284482758621
16 0.535625 0.724375 0.12863636363636366 0.08613636363636368
03 0.28437500000000004 0.8418749999999999 0.10123579545454547 0.07373579545454534
06 0.91125 0.55 0.08746951219512189 0.029969512195121895
12 0.2575 0.59625 0.16498214285714285 0.12498214285714282
