13 0.7775000000000001 0.049375 0.06998355263157896 0.08623355263157895
08 0.053750000000000006 0.7481249999999999 0.05499161073825504 0.018741610738254866
16 0.08437499999999999 0.21875 0.05120689655172413 0.04245689655172413
13 0.1325 0.80125 0.049994444444444466 0.06999444444444436
18 0.7925 0.29875 0.024988095238095198 0.027488095238095256
05 0.711875 0.5531250000000001 0.026242977528089795 0.04624297752808981
04 0.7375 0.56375 0.032495098039215686 0.032495098039215686
04 0.798125 0.451875 0.03120689655172415 0.028706896551724148
18 0.28125 0.40125 0.024978448275862042 0.0274784482758621
07 0.041875 0.19624999999999998 0.06113636363636364 0.022386363636363676
02 0.6056250000000001 0.7281249999999999 0.04623579545454548 0.04373579545454531
12 0.809375 0.8262499999999999 0.04121951219512199 0.0399695121951219
13 0.138125 0.40375 0.07373214285714286 0.057482142857142815
18 0.799375 0.09625 0.023737500000000078 0.027487500000000012
