14 0.31999999999999995 0.795 0.022483552631578918 0.02498355263157892
08 0.3625 0.125 0.042491610738255026 0.03999161073825504
04 0.401875 0.74375 0.028706896551724148 0.02745689655172412
14 0.5818749999999999 0.055625 0.011244444444444501 0.023744444444444443
04 0.735 0.343125 0.02998809523809509 0.026238095238095283
13 0.53625 0.6625 0.03749297752808989 0.09249297752808983
13 0.92375 0.8831249999999999 0.06999509803921566 0.048745098039215784
12 0.06375 0.799375 0.037456896551724135 0.06120689655172418
00 0.35562499999999997 0.7481249999999999 0.028728448275862017 0.018728448275862175
01 0.39875000000000005 0.388125 0.0298863636363636 0.03113636363636363
04 0.041249999999999995 0.823125 0.024985795454545455 0.031235795454545245
09 0.83875 0.795625 0.014969512195121881 0.03121951219512198
