03 0.05375 0.28625 0.019983552631578957 0.014983552631578967
10 0.135625 0.659375 0.023741610738255037 0.02374161073825498
03 0.375625 0.16062500000000002 0.016206896551724137 0.03870689655172413
05 0.9675 0.625625 0.029994444444444324 0.016244444444444506
14 0.45375 0.8187500000000001 0.03498809523809526 0.024988095238095087
10 0.5349999999999999 0.7381249999999999 0.022492977528089875 0.023742977528089848
00 0.1325 0.9356249999999999 0.029995098039215698 0.028745098039215766
02 0.09812499999999999 0.9525 0.03870689655172414 0.04495689655172419
15 0.850625 0.1125 0.036228448275862246 0.017478448275862063
08 0.365 0.484375 0.01738636363636359 0.03863636363636358
