07 0.03937500000000001 0.1325 0.04623355263157895 0.017483552631578927
20 0.52875 0.37812500000000004 0.05499161073825498 0.033741610738255046
17 0.226875 0.135 0.07120689655172416 0.04245689655172413
15 0.589375 0.440625 0.043744444444444475 0.016244444444444506
04 0.260625 0.470625 0.05123809523809528 0.05373809523809525
02 0.080625 0.875 0.03874297752808989 0.05499297752808996
13 0.279375 0.410625 0.06374509803921569 0.06874509803921569
04 0.5706249999999999 0.5075000000000001 0.05620689655172406 0.039956896551724186
14 0.293125 0.31625000000000003 0.018728448275862064 0.04247844827586206
14 0.700625 0.6218750000000001 0.0486363636363637 0.08613636363636368
15 0.40375 0.65875 0.02498579545454549 0.02248579545454532
