08 0.9568749999999999 0.8993708881578948 0.03873355263157896 0.031241776315789394
12 0.288125 0.6643749999999999 0.031241610738255043 0.03624161073825494
12 0.77625 0.0875 0.02745689655172412 0.022456896551724143
02 0.2125 0.309375 0.03249444444444444 0.04624444444444442
09 0.209375 0.6524999999999999 0.021238095238095278 0.029988095238095203
04 0.75125 0.8274999999999999 0.029992977528089826 0.022492977528089875
13 0.739375 0.901875 0.031245098039215602 0.07624509803921575
16 0.3175 0.459375 0.02745689655172412 0.0362068965517241
00 0.6637500000000001 0.44562500000000005 0.01997844827586215 0.021228448275862066
13 0.08687500000000001 0.81375 0.05863636363636364 0.06988636363636369
18 0.51 0.88125 0.01748579545454554 0.019985795454545263
07 0.06063262195121951 0.844375 0.02373475609756097 0.033719512195121926
