15 0.18625 0.06999999999999999 0.004983552631578958 0.03248355263157895
04 0.08125 0.941875 0.029991610738255042 0.028741610738254875
07 0.906875 0.251875 0.05620689655172417 0.03870689655172413
03 0.591875 0.16312499999999996 0.036244444444444524 0.041244444444444445
12 0.248125 0.7106250000000001 0.03373809523809529 0.03623809523809507
11 0.855 0.455625 0.02499297752808982 0.028742977528089853
04 0.458125 0.38125 0.02624509803921571 0.01499509803921567
14 0.823125 0.1275 0.03120689655172404 0.02495689655172413
03 0.835 0.303125 0.042478448275862224 0.048728448275862035
13 0.534375 0.120625 0.061136363636363655 0.06363636363636363
16 0.03749999999999999 0.06 0.03998579545454545 0.037485795454545445
17 0.18125000000000002 0.28 0.037469512195121984 0.03996951219512196
13 0.7000044642857143 0.22125 0.08999107142857143 0.02498214285714284
