04 0.7793749999999999 0.619375 0.033733552631578845 0.026233552631578894
01 0.10062499999999999 0.595 0.026241610738255053 0.024991610738255066
16 0.075625 0.36125 0.03120689655172413 0.04745689655172414
11 0.77875 0.046875 0.03249444444444427 0.028744444444444447
03 0.281875 0.70625 0.018738095238095276 0.05748809523809506
07 0.07875 0.29000000000000004 0.0199929775280899 0.06749297752808986
06 0.2275 0.20875 0.027495098039215682 0.0174950980392157
15 0.25187499999999996 0.075 0.04620689655172411 0.027456896551724147
08 0.604375 0.571875 0.036228448275862135 0.028728448275862073
12 0.4225 0.504375 0.03988636363636361 0.04363636363636353
