04 0.94625 0.250625 0.03498355263157893 0.03123355263157898
06 0.6825020973154363 0.185 0.037495805369127444 0.10249161073825505
10 0.6175 0.5225 0.02745689655172412 0.01745689655172411
08 0.51 0.5674999999999999 0.052494444444444455 0.03249444444444449
16 0.78375 0.40625 0.024988095238095087 0.04248809523809527
03 0.78375 0.780625 0.03499297752808983 0.036242977528089915
15 0.9137487745098039 0.8274999999999999 0.032497549019607885 0.012495098039215669
01 0.80375 0.349375 0.032456896551724124 0.028706896551724093
06 0.711875 0.133125 0.06872844827586222 0.08122844827586206
10 0.665 0.208125 0.03738636363636372 0.033636363636363686
