10 0.6543749999999999 0.94875 0.018733552631578942 0.012483552631578965
20 0.46625 0.09062500000000001 0.014991610738255057 0.016241610738255044
12 0.15 0.1575 0.04995689655172414 0.032456896551724124
00 0.20625 0.83625 0.017494444444444424 0.012494444444444364
18 0.138125 0.563125 0.011238095238095214 0.013738095238095216
03 0.9775017556179775 0.8956249999999999 0.012496488764044966 0.023742977528089848
04 0.72 0.556875 0.017495098039215673 0.0162450980392157
10 0.35875 0.465625 0.019956896551724113 0.016206896551724137
15 0.90875 0.098125 0.007478448275862193 0.016228448275862062
08 0.915625 0.114375 0.011136363636363722 0.021136363636363634
19 0.7893749999999999 0.725625 0.016235795454545232 0.03623579545454536
05 0.7575000000000001 0.78625 0.022469512195122054 0.014969512195121881
07 0.23125 0.3275 0.014982142857142833 0.027482142857142844
