07 0.17625 0.10625000000000001 0.01998355263157897 0.04248355263157895
01 0.45499999999999996 0.8362499999999999 0.022491610738255063 0.017491610738254892
03 0.578125 0.39375000000000004 0.0237068965517242 0.044956896551724135
00 0.104375 0.7831250000000001 0.02874444444444446 0.021244444444444288
12 0.85625 0.301875 0.029988095238095203 0.05373809523809525
14 0.5775 0.714375 0.03249297752808977 0.0312429775280898
18 0.411875 0.28 0.02624509803921571 0.027495098039215737
16 0.17812499999999998 0.81125 0.046206896551724136 0.03745689655172413
15 0.7306250000000001 0.895625 0.028728448275862184 0.03122844827586224
02 0.6587500000000001 0.34062499999999996 0.11988636363636362 0.048636363636363644
10 0.193125 0.839375 0.031235795454545467 0.026235795454545352
09 0.0525 0.415625 0.039969512195121945 0.028719512195121977
