14 0.138125 0.850625 0.04123355263157895 0.043733552631578854
06 0.7925 0.9143749999999999 0.01999161073825495 0.028741610738254875
07 0.333125 0.8625 0.12620689655172412 0.049956896551724195
12 0.438125 0.895625 0.053744444444444484 0.06624444444444433
06 0.6443749999999999 0.585 0.026238095238095283 0.09498809523809526
12 0.223125 0.20375 0.08374297752808985 0.042492977528089865
08 0.389375 0.66875 0.02124509803921565 0.022495098039215677
01 0.92 0.7987500000000001 0.01745689655172411 0.014956896551724053
04 0.169375 0.3675 0.02622844827586207 0.032478448275862104
14 0.7193750000000001 0.22125 0.036136363636363744 0.039886363636363664
09 0.82375 0.37124999999999997 0.054985795454545294 0.04498579545454545
14 0.55125 0.6031249999999999 0.03246951219512195 0.026219512195121975
