03 0.8925000000000001 0.8225 0.03248355263157887 0.037483552631578876
13 0.44625000000000004 0.34 0.02499161073825501 0.07249161073825505
11 0.586875 0.8325 0.023706896551724088 0.022456896551724115
06 0.691875 0.48750000000000004 0.01124444444444439 0.0399944444444445
06 0.6475 0.98375 0.02248809523809525 0.01498809523809519
14 0.760625 0.88625 0.028742977528089853 0.03749297752808989
13 0.34125 0.0525 0.042495098039215695 0.024995098039215694
13 0.684375 0.721875 0.02120689655172414 0.06370689655172412
18 0.7437499999999999 0.7662500000000001 0.0174784482758622 0.0174784482758622
20 0.7675000000000001 0.6412500000000001 0.022386363636363815 0.024886363636363762
