04 0.69375 0.466875 0.047483552631578885 0.0362335526315789
00 0.15 0.35 0.05749161073825504 0.03749161073825508
13 0.175625 0.961875 0.09120689655172415 0.06620689655172407
15 0.179375 0.39937500000000004 0.08624444444444443 0.06124444444444449
03 0.285625 0.44999999999999996 0.028738095238095285 0.049988095238095276
03 0.39812499999999995 0.2125 0.03624297752808986 0.08499297752808982
02 0.2725 0.186875 0.052495098039215704 0.05874509803921571
15 0.19437500000000002 0.4 0.05120689655172414 0.024956896551724117
11 0.94875 0.5425 0.04497844827586217 0.04497844827586206
09 0.140625 0.41874999999999996 0.048636363636363644 0.07238636363636358
14 0.46499999999999997 0.35 0.049985795454545456 0.03998579545454545
11 0.041249999999999995 0.946875 0.04496951219512195 0.028719512195122032
13 0.410625 0.66125 0.15373214285714282 0.08748214285714284
14 0.098121875 0.31875 0.06624374999999999 0.04248750000000001
