04 0.891875 0.1775 0.04623355263157891 0.042483552631578964
10 0.30125 0.965625 0.03999161073825502 0.04374161073825489
04 0.349375 0.7375 0.05620689655172412 0.05495689655172409
03 0.44500000000000006 0.3275 0.13249444444444453 0.019994444444444426
09 0.8968750000000001 0.750625 0.05373809523809514 0.06873809523809515
00 0.18187499999999998 0.44999999999999996 0.05624297752808988 0.04749297752808984
01 0.080625 0.4325 0.06374509803921569 0.049995098039215646
04 0.81375 0.65875 0.032456896551724124 0.04245689655172413
10 0.41874999999999996 0.93125 0.04747844827586206 0.02997844827586227
02 0.6375000000000001 0.04875 0.1373863636363637 0.039886363636363636
18 0.43 0.8912500000000001 0.0399857954545455 0.04248579545454534
