11 0.246875 0.22625 0.03873355263157899 0.024983552631578976
16 0.40249999999999997 0.69 0.05499161073825504 0.03999161073825486
01 0.783125 0.1975 0.026206896551724146 0.022456896551724143
14 0.431875 0.6912499999999999 0.033744444444444466 0.019994444444444315
07 0.5012529761904762 0.30125 0.042494047619047626 0.03248809523809526
03 0.975 0.63375 0.007492977528089861 0.04249297752808989
03 0.821875 0.785625 0.056245098039215735 0.03374509803921566
11 0.588125 0.375 0.0387068965517241 0.029956896551724177
18 0.71875 0.775 0.0274784482758621 0.02997844827586227
02 0.34812499999999996 0.549375 0.05613636363636365 0.033636363636363575
10 0.580625 0.431875 0.03873579545454542 0.04373579545454548
11 0.3 0.079375 0.03496951219512201 0.03121951219512195
04 0.48250000000000004 0.8518749999999999 0.04498214285714286 0.028732142857142873
