08 0.845 0.865 0.047483552631578885 0.019983552631578916
15 0.18875 0.97375 0.042491610738255026 0.02999161073825496
14 0.6231249999999999 0.598125 0.0337068965517241 0.0337068965517241
12 0.5318750000000001 0.5843750000000001 0.043744444444444475 0.043744444444444475
04 0.623125 0.870625 0.031238095238095287 0.023738095238095114
00 0.201875 0.66125 0.03374297752808986 0.03499297752808994
14 0.345 0.85375 0.027495098039215737 0.03999509803921564
18 0.65375 0.77125 0.019956896551724168 0.022456896551724115
20 0.44875 0.503125 0.03247844827586205 0.02872844827586213
04 0.18 0.95375 0.03238636363636366 0.022386363636363704
10 0.7637499999999999 0.106875 0.02248579545454532 0.026235795454545463
17 0.12 0.83875 0.03496951219512194 0.03746951219512207
02 0.06375 0.9225 0.03248214285714285 0.01748214285714278
20 0.13624999999999998 0.310625 0.017487500000000017 0.016237500000000016
