04 0.7875 0.884375 0.037483552631578876 0.02873355263157884
01 0.6925 0.034375 0.04499161073825486 0.02874161073825503
10 0.97875 0.133125 0.029956896551724066 0.031206896551724136
17 0.469375 0.5706249999999999 0.03874444444444447 0.043744444444444475
12 0.775625 0.215625 0.048738095238095136 0.09623809523809526
15 0.18000175561797754 0.371875 0.029996488764044926 0.023742977528089848
11 0.536875 0.025625000000000002 0.03374509803921577 0.04374509803921569
04 0.119375 0.30500000000000005 0.03870689655172413 0.02995689655172412
14 0.655625 0.47 0.03122844827586224 0.027478448275862044
04 0.6325000000000001 0.7424999999999999 0.03488636363636366 0.029886363636363655
18 0.09937499999999999 0.051875 0.023735795454545475 0.02623579545454545
05 0.563125 0.52625 0.033719512195121926 0.039969512195122014
11 0.051875000000000004 0.53125 0.03623214285714286 0.02748214285714279
05 0.49687499999999996 0.10125 0.021237499999999965 0.03998750000000002
