03 0.60375 0.065625 0.04998355263157883 0.05123355263157895
10 0.41625 0.042499999999999996 0.03749161073825502 0.03999161073825503
10 0.423125 0.040625 0.041206896551724104 0.026206896551724142
03 0.21750000000000003 0.74125 0.049994444444444425 0.037494444444444386
00 0.454375 0.759375 0.0437380952380953 0.028738095238095118
14 0.5506249999999999 0.364375 0.04624297752808981 0.05624297752808982
19 0.733125 0.08937500000000001 0.04374509803921567 0.05374509803921569
07 0.328125 0.09436422413793104 0.02120689655172414 0.04872844827586206
13 0.446875 0.8200000000000001 0.1237284482758621 0.039978448275862166
03 0.15250000000000002 0.3125 0.05738636363636365 0.03988636363636361
