06 0.65375 0.619375 0.047483552631578996 0.04123355263157891
12 0.895 0.33999999999999997 0.02999161073825496 0.03249161073825507
11 0.895625 0.201875 0.02120689655172403 0.01870689655172414
06 0.17125 0.893125 0.012494444444444447 0.026244444444444404
10 0.49687499999999996 0.22125 0.021238095238095223 0.017488095238095247
19 0.865 0.8987499999999999 0.024992977528089932 0.029992977528089937
03 0.08687500000000001 0.8300000000000001 0.04874509803921569 0.04499509803921564
10 0.621875 0.42125 0.018706896551724195 0.012456896551724106
07 0.6625000000000001 0.786875 0.06997844827586219 0.028728448275862295
14 0.453125 0.83125 0.016136363636363615 0.022386363636363815
10 0.211875 0.1525 0.02373579545454546 0.022485795454545487
08 0.288125 0.061875 0.016219512195121966 0.026219512195121947
19 0.09812499999999999 0.636875 0.03123214285714286 0.036232142857142824
