02 0.534375 0.042499999999999996 0.0362335526315789 0.01998355263157895
03 0.01125 0.1775 0.014991610738255034 0.02749161073825504
01 0.5075000000000001 0.194375 0.014956896551724053 0.016206896551724137
03 0.628125 0.128125 0.018744444444444563 0.06124444444444446
03 0.5168779761904763 0.390625 0.03624404761904765 0.05373809523809525
07 0.6681250000000001 0.588125 0.0212429775280899 0.04874297752808987
14 0.640625 0.98 0.04374509803921578 0.027495098039215682
12 0.875 0.484375 0.032456896551724235 0.036206896551724155
08 0.469375 0.90875 0.043728448275862086 0.024978448275862264
06 0.510625 0.22375 0.061136363636363544 0.0798863636363637
08 0.9425 0.60625 0.03498579545454539 0.06248579545454547
11 0.425 0.083125 0.03746951219512196 0.03371951219512194
14 0.14125 0.8131250000000001 0.039982142857142855 0.04123214285714283
18 0.294375 0.940625 0.018737499999999963 0.02123750000000002
