15 0.07125 0.431875 0.039983552631578954 0.0337335526315789
06 0.6912520973154362 0.5974999999999999 0.06999580536912742 0.10749161073825497
12 0.045 0.3225 0.054956896551724144 0.054956896551724144
03 0.7537499999999999 0.76625 0.019994444444444315 0.03499444444444433
04 0.7424999999999999 0.686875 0.044988095238095105 0.03873809523809513
07 0.9612499999999999 0.890625 0.057492977528089795 0.13374297752808983
03 0.50875 0.9025000000000001 0.027495098039215737 0.06249509803921571
01 0.316875 0.246875 0.041206896551724104 0.04120689655172416
13 0.703125 0.345 0.05622844827586215 0.10997844827586206
18 0.66875 0.111875 0.0173863636363637 0.01863636363636363
00 0.39937500000000004 0.528125 0.03373579545454547 0.02873579545454541
03 0.6275 0.755 0.04496951219512202 0.029969512195122006
