06 0.28 0.42500000000000004 0.022483552631578974 0.1849835526315789
03 0.426875 0.9 0.06124161073825507 0.07499161073825489
15 0.66125 0.053125 0.02745689655172412 0.05870689655172413
01 0.025 0.8943749999999999 0.02999444444444444 0.01874444444444434
13 0.140625 0.15500000000000003 0.19623809523809527 0.05248809523809525
14 0.77125 0.1975 0.07499297752808987 0.02499297752808985
16 0.503125 0.5687500000000001 0.06374509803921569 0.06499509803921566
00 0.35625 0.783125 0.05245689655172414 0.0387068965517241
01 0.3225 0.7393749999999999 0.04747844827586206 0.0487284482758622
11 0.384375 0.400625 0.0611363636363636 0.0586363636363636
02 0.5525 0.1875 0.04248579545454545 0.05748579545454546
