07 0.581875 0.40375 0.016233552631578885 0.04498355263157894
15 0.6493749999999999 0.33875 0.048741610738255 0.022491610738255008
03 0.8731249999999999 0.77125 0.0912068965517242 0.04495689655172419
03 0.048125 0.148125 0.033744444444444445 0.041244444444444445
04 0.5925 0.959375 0.03248809523809526 0.03873809523809513
02 0.8156267556179775 0.460625 0.026246488764044895 0.09624297752808986
06 0.6950000000000001 0.215625 0.01999509803921573 0.09124509803921568
14 0.273125 0.06625 0.043706896551724106 0.03245689655172414
03 0.755 0.353125 0.042478448275862224 0.041228448275862084
02 0.6793750000000001 0.6775 0.04613636363636375 0.04488636363636367
03 0.46375 0.6000000000000001 0.0349857954545455 0.027485795454545436
01 0.79 0.240625 0.027469512195121948 0.023719512195121972
