10 0.4675 0.26125 0.03248355263157893 0.024983552631578976
04 0.360625 0.8912500000000001 0.03624161073825505 0.0274916107382549
09 0.45875 0.80375 0.034956896551724126 0.039956896551724186
04 0.745625 0.86625 0.026244444444444293 0.02499444444444432
20 0.884375 0.395625 0.02623809523809517 0.018738095238095276
13 0.2575 0.453125 0.05749297752808982 0.036242977528089804
18 0.55 0.28875 0.024995098039215624 0.027495098039215682
14 0.03937500000000001 0.93625 0.02870689655172414 0.01745689655172411
18 0.930625 0.225625 0.02372844827586218 0.02622844827586207
06 0.4375 0.65125 0.02488636363636365 0.08738636363636365
01 0.604375 0.528125 0.041235795454545476 0.041235795454545476
00 0.745 0.6575 0.04246951219512196 0.03246951219512195
06 0.340625 0.7775000000000001 0.04123214285714283 0.01748214285714289
