02 0.56375 0.518125 0.04248355263157888 0.09123355263157895
11 0.701875 0.950625 0.038741610738254884 0.03624161073825494
07 0.6056250000000001 0.4575 0.02120689655172414 0.06495689655172415
14 0.355 0.18625 0.0424944444444445 0.029994444444444435
04 0.15500000000000003 0.426875 0.03998809523809524 0.033738095238095234
15 0.954375 0.123125 0.0312429775280898 0.02874297752808988
18 0.18 0.38187499999999996 0.027495098039215682 0.031245098039215657
03 0.328125 0.528125 0.0387068965517241 0.053706896551724115
12 0.059375000000000004 0.10187500000000001 0.06872844827586208 0.051228448275862065
09 0.8887499999999999 0.95125 0.06738636363636374 0.04238636363636372
14 0.30874999999999997 0.509375 0.059985795454545465 0.02123579545454546
10 0.41375 0.441875 0.03746951219512196 0.038719512195121986
