15 0.12562088815789474 0.7481249999999999 0.011241776315789487 0.023733552631578836
16 0.6675 0.5725 0.02999161073825496 0.04749161073825503
08 0.27375000000000005 0.6187499999999999 0.02995689655172412 0.04245689655172413
07 0.88625 0.610625 0.04249444444444439 0.05624444444444454
05 0.8 0.33375 0.03998809523809521 0.03248809523809526
10 0.441875 0.5025 0.02624297752808985 0.02499297752808982
11 0.31875 0.28125 0.032495098039215686 0.022495098039215677
03 0.159375 0.594375 0.013706896551724107 0.026206896551724146
04 0.12625 0.905 0.024978448275862056 0.02747844827586221
14 0.6675 0.10062499999999999 0.019886363636363757 0.06363636363636364
