11 0.09 0.774375 0.032483552631578955 0.031233552631578898
10 0.3725 0.5425 0.03249161073825502 0.027491610738255012
03 0.30500000000000005 0.453125 0.044956896551724135 0.04870689655172411
14 0.7024999999999999 0.14125 0.027494444444444377 0.01749444444444445
18 0.950625 0.374375 0.01873809523809522 0.021238095238095278
12 0.49312500000000004 0.34875 0.04874297752808987 0.04499297752808984
07 0.17187622549019607 0.73 0.03374754901960786 0.10249509803921564
06 0.105625 0.7481249999999999 0.02370689655172413 0.03120689655172415
02 0.506875 0.173125 0.02372844827586207 0.03372844827586208
12 0.2 0.6837500000000001 0.05738636363636365 0.047386363636363726
