05 0.829375 0.566875 0.04873355263157886 0.031233552631578898
18 0.249375 0.133125 0.03124161073825507 0.033741610738255046
04 0.4325 0.5725 0.03995689655172413 0.029956896551724066
10 0.915 0.97875 0.027494444444444377 0.017494444444444368
09 0.28874999999999995 0.625625 0.03998809523809527 0.03623809523809518
13 0.453125 0.659375 0.12124297752808988 0.0887429775280898
08 0.625 0.8143750000000001 0.06999509803921566 0.028745098039215766
20 0.5587500000000001 0.711875 0.029956896551724177 0.028706896551724093
07 0.6681250000000001 0.245 0.056228448275862264 0.019978448275862037
08 0.7793749999999999 0.431875 0.08613636363636379 0.033636363636363575
