20 0.7275 0.8418749999999999 0.019983552631578916 0.018733552631578942
09 0.688125 0.83375 0.021241610738254924 0.04749161073825492
03 0.086875 0.911875 0.006206896551724128 0.0237068965517242
13 0.800625 0.06437500000000002 0.043744444444444364 0.036244444444444454
12 0.301875 0.16562500000000002 0.02873809523809523 0.03123809523809526
05 0.246875 0.9275 0.023742977528089848 0.022492977528089764
08 0.336875 0.343125 0.05374509803921568 0.061245098039215684
03 0.22812500000000002 0.96625 0.031206896551724123 0.032456896551724124
11 0.32 0.01375 0.0274784482758621 0.02497844827586207
07 0.781903409090909 0.7262500000000001 0.03369318181818182 0.03488636363636377
