13 0.46875 0.8874958881578947 0.1299835526315789 0.034991776315789425
01 0.18125000000000002 0.666875 0.03999161073825505 0.04124161073825494
03 0.210625 0.349375 0.043706896551724134 0.05120689655172411
07 0.38187499999999996 0.463125 0.10374444444444447 0.016244444444444506
14 0.416875 0.329375 0.03873809523809524 0.05123809523809525
13 0.895 0.38187499999999996 0.12249297752808985 0.11874297752808988
06 0.48062499999999997 0.924375 0.08874509803921565 0.07124509803921575
06 0.8243750000000001 0.411875 0.08620689655172409 0.028706896551724093
18 0.07625 0.05875 0.029978448275862067 0.03247844827586207
04 0.93875 0.1175 0.047386363636363726 0.032386363636363644
11 0.476875 0.215 0.041235795454545476 0.04248579545454545
19 0.315 0.791875 0.039969512195122014 0.05371951219512194
03 0.31437499999999996 0.39625 0.023732142857142813 0.02498214285714284
04 0.364375 0.66125 0.04123750000000004 0.02748750000000011
