16 0.9043749999999999 0.18937500000000002 0.051233552631578916 0.048733552631579
07 0.22062500000000002 0.51125 0.04874161073825503 0.03999161073825508
16 0.845 0.05875 0.05495689655172409 0.029956896551724142
19 0.07250000000000001 0.338125 0.03249444444444445 0.033744444444444466
02 0.385625 0.29312499999999997 0.06373809523809526 0.06123809523809526
02 0.7975 0.064375 0.03749297752808989 0.046242977528089896
20 0.67125 0.9125000000000001 0.03749509803921569 0.032495098039215686
06 0.36 0.45687500000000003 0.08995689655172412 0.06620689655172413
00 0.87125 0.655 0.042478448275862224 0.02747844827586221
20 0.6925 0.428125 0.04238636363636372 0.02613636363636357
04 0.298125 0.0825 0.046235795454545425 0.03248579545454547
10 0.921875 0.041249999999999995 0.033719512195121926 0.027469512195121944
