02 0.78375 0.551875 0.0724835526315789 0.06873355263157888
19 0.76375 0.625 0.052491610738254924 0.03749161073825491
03 0.026250000000000002 0.80125 0.02745689655172414 0.049956896551724084
15 0.045625 0.6543749999999999 0.028744444444444447 0.04874444444444437
01 0.455 0.1875 0.04248809523809527 0.03498809523809526
13 0.463125 0.5675 0.08124297752808984 0.07749297752808992
08 0.6499999999999999 0.509375 0.05499509803921565 0.0812450980392157
00 0.32625 0.5775 0.05245689655172414 0.049956896551724084
13 0.159375 0.424375 0.09372844827586206 0.22372844827586202
15 0.274375 0.41625 0.053636363636363676 0.13488636363636358
