17 0.593125 0.114375 0.04623355263157891 0.046233552631578925
03 0.6018749999999999 0.683125 0.07124161073825508 0.046241610738254835
08 0.613739224137931 0.38 0.03497844827586216 0.06245689655172415
08 0.9293750000000001 0.868125 0.008744444444444333 0.03624444444444441
18 0.8187500000000001 0.63375 0.024988095238095087 0.027488095238095256
15 0.051875000000000004 0.0725 0.06124297752808989 0.03999297752808988
10 0.48812500000000003 0.680625 0.03624509803921572 0.03374509803921566
03 0.7537499999999999 0.431875 0.039956896551724186 0.04120689655172416
10 0.39812499999999995 0.9175 0.031228448275862075 0.024978448275862153
17 0.7424999999999999 0.411875 0.04238636363636383 0.04113636363636358
