08 0.609375 0.39375 0.023733552631578947 0.03498355263157893
20 0.583125 0.215625 0.013741610738255083 0.013741610738255056
15 0.35250000000000004 0.15625 0.044956896551724135 0.022456896551724115
05 0.40812499999999996 0.16125 0.023744444444444512 0.022494444444444456
01 0.72875 0.603125 0.02248809523809514 0.021238095238095278
18 0.61375 0.343125 0.014992977528089924 0.018742977528089844
14 0.6993750000000001 0.2925 0.021245098039215704 0.03999509803921569
00 0.369375 0.486875 0.026206896551724146 0.026206896551724146
04 0.31875 0.6275 0.024978448275862097 0.022478448275862095
14 0.260625 0.6868749999999999 0.021136363636363675 0.036136363636363744
12 0.840625 0.5018750000000001 0.03623579545454525 0.04623579545454548
07 0.9724999999999999 0.395 0.014969512195121992 0.034969512195121955
06 0.66125 0.73375 0.022482142857142895 0.014982142857142833
16 0.72875 0.855 0.0324875 0.022487499999999994
