04 0.61625 0.615 0.027483552631578867 0.019983552631578916
00 0.6168750000000001 0.365625 0.031241610738255043 0.031241610738255043
19 0.6331249999999999 0.94875 0.028706896551724204 0.02745689655172412
07 0.4675 0.48562500000000003 0.014994444444444477 0.04124444444444453
19 0.509375 0.014375 0.01123809523809527 0.011238095238095238
04 0.16124824438202245 0.024375 0.027496488764044924 0.021242977528089887
14 0.575 0.21125 0.027495098039215682 0.0499950980392157
14 0.8631249999999999 0.49687499999999996 0.02120689655172414 0.01620689655172408
19 0.22499999999999998 0.58875 0.019978448275862065 0.024978448275862153
03 0.56875 0.948125 0.019886363636363535 0.016136363636363837
15 0.36624999999999996 0.025625000000000002 0.03498579545454544 0.028735795454545455
