03 0.46125 0.8049999999999999 0.047483552631578885 0.04248355263157888
03 0.146875 0.780625 0.03874161073825505 0.05124161073825495
02 0.78 0.08875 0.08995689655172412 0.032456896551724124
06 0.5218763888888889 0.83125 0.07374722222222224 0.07999444444444437
03 0.146875 0.925 0.036238095238095236 0.03998809523809521
19 0.64375 0.21125 0.027492977528089768 0.017492977528089843
01 0.5118750000000001 0.113125 0.031245098039215713 0.02124509803921569
13 0.4625 0.655 0.07495689655172416 0.14495689655172417
20 0.5487500000000001 0.32999999999999996 0.012478448275862086 0.009978448275862084
02 0.35562499999999997 0.044375 0.02613636363636357 0.03363636363636363
01 0.620625 0.38375000000000004 0.031235795454545467 0.022485795454545487
15 0.185 0.13937500000000003 0.01246951219512199 0.023719512195121945
