17 0.295 0.219375 0.047483552631578996 0.051233552631579
09 0.82875 0.398125 0.03999161073825497 0.031241610738255043
03 0.5025 0.055624999999999994 0.034956896551724126 0.02620689655172414
08 0.88 0.2437486111111111 0.0524944444444444 0.03499722222222218
16 0.920625 0.900625 0.05623809523809509 0.048738095238095136
04 0.22999999999999998 0.63625 0.04749297752808987 0.029992977528089826
07 0.358125 0.260625 0.03874509803921572 0.13374509803921572
12 0.860625 0.349375 0.04870689655172411 0.05620689655172412
13 0.5768696120689656 0.414375 0.043739224137930965 0.05622844827586204
04 0.614375 0.16062500000000002 0.043636363636363695 0.03863636363636366
19 0.358125 0.786875 0.028735795454545465 0.04373579545454531
00 0.5774999999999999 0.025625000000000002 0.03746951219512196 0.02371951219512195
