18 0.613125 0.26 0.016233552631578885 0.01748355263157897
12 0.6725 0.32125000000000004 0.022491610738254897 0.02499161073825501
14 0.460625 0.093125 0.023706896551724088 0.026206896551724118
11 0.210625 0.275 0.018744444444444425 0.017494444444444424
10 0.11937500000000001 0.17375000000000002 0.018738095238095234 0.019988095238095277
20 0.979375 0.530625 0.01374297752808995 0.011242977528089781
00 0.644375 0.419375 0.018745098039215646 0.021245098039215704
10 0.8162499999999999 0.180625 0.019956896551724168 0.01870689655172414
12 0.34562499999999996 0.668125 0.03622844827586208 0.021228448275862233
03 0.576875 0.948125 0.04113636363636364 0.0386363636363638
01 0.54625 0.285625 0.009985795454545476 0.008735795454545447
11 0.45999999999999996 0.8712500000000001 0.027469512195122003 0.01746951219512194
11 0.329375 0.6675 0.023732142857142813 0.02498214285714284
09 0.12312499999999998 0.5506249999999999 0.016237500000000002 0.026237500000000025
