10 0.16312500000000002 0.8225 0.01873355263157897 0.017483552631578858
04 0.0825 0.551875 0.014991610738255029 0.01624161073825503
10 0.7124999999999999 0.7475 0.019956896551724168 0.01745689655172422
07 0.8400000000000001 0.7275 0.017494444444444368 0.07499444444444436
03 0.484375 0.065625 0.016238095238095274 0.03123809523809524
20 0.885 0.70875 0.024992977528089932 0.022492977528089764
18 0.88375 0.76125 0.01999509803921573 0.022495098039215677
18 0.931875 0.506875 0.016206896551724137 0.018706896551724195
20 0.375625 0.17375000000000002 0.018728448275862064 0.017478448275862063
13 0.04875 0.90375 0.027386363636363632 0.0798863636363637
18 0.4475 0.55625 0.017485795454545483 0.019985795454545485
06 0.42874999999999996 0.075 0.01246951219512199 0.03496951219512195
