01 0.859375 0.67625 0.013733552631578938 0.012483552631578965
04 0.253125 0.6737500000000001 0.023741610738255065 0.014991610738254946
11 0.7731250000000001 0.58125 0.023706896551724088 0.02495689655172406
20 0.28375 0.448125 0.02499444444444443 0.026244444444444515
10 0.08875 0.143125 0.02498809523809524 0.01873809523809522
05 0.48375 0.235 0.01749297752808987 0.022492977528089847
07 0.18312499999999998 0.6981237745098039 0.0487450980392157 0.021247549019607792
01 0.66375 0.33125000000000004 0.02745689655172412 0.019956896551724113
13 0.401875 0.08625 0.0562284482758621 0.03747844827586207
11 0.818125 0.40375 0.02113636363636373 0.019886363636363646
13 0.469375 0.97 0.03623579545454547 0.029985795454545272
08 0.104375 0.650625 0.008719512195121945 0.03871951219512204
04 0.50125 0.27125 0.024982142857142786 0.019982142857142837
03 0.88625 0.47750000000000004 0.022487499999999994 0.0299875
