13 0.439375 0.805625 0.13623355263157888 0.11623355263157886
16 0.753125 0.264375 0.06124161073825485 0.08874161073825507
14 0.20687499999999998 0.920625 0.04120689655172413 0.08870689655172415
09 0.46687500000000004 0.748125 0.038744444444444526 0.06624444444444433
03 0.576875 0.77125 0.041238095238095296 0.08248809523809508
18 0.8456250000000001 0.263125 0.03124297752808991 0.03374297752808986
11 0.48375 0.065625 0.05749509803921571 0.03624509803921569
18 0.749375 0.95625 0.0387068965517241 0.04245689655172413
08 0.238125 0.708125 0.02622844827586207 0.046228448275862144
18 0.59375 0.7637499999999999 0.037386363636363606 0.039886363636363664
