08 0.59875 0.6125 0.04498355263157894 0.019983552631578916
08 0.30062290268456376 0.7518750000000001 0.02874580536912752 0.028741610738254875
13 0.09 0.240625 0.04745689655172414 0.05620689655172412
04 0.595 0.5325 0.0374944444444445 0.039994444444444444
03 0.729375 0.9175 0.016238095238095163 0.05748809523809517
01 0.895 0.7593749999999999 0.039992977528089835 0.023742977528089848
03 0.856875 0.45375 0.03374509803921566 0.052495098039215704
05 0.3475 0.13 0.032456896551724124 0.057456896551724146
01 0.18 0.20875 0.032478448275862076 0.022478448275862067
14 0.095 0.30437499999999995 0.037386363636363634 0.048636363636363644
18 0.206875 0.518125 0.026235795454545463 0.02873579545454541
14 0.9275 0.79875 0.019969512195121997 0.029969512195122006
18 0.62875 0.3025 0.02748214285714279 0.029982142857142846
03 0.9275 0.624375 0.04248750000000001 0.04623749999999993
