09 0.5706249999999999 0.7637499999999999 0.023733552631578836 0.029983552631578925
20 0.25125 0.7175 0.019991610738255033 0.01999161073825495
08 0.499375 0.28375 0.026206896551724146 0.029956896551724177
15 0.76 0.034375 0.017494444444444368 0.011244444444444439
11 0.330625 0.576875 0.021238095238095278 0.01873809523809522
15 0.62875 0.104375 0.007492977528089861 0.028742977528089894
03 0.799375 0.1375 0.02374509803921565 0.019995098039215703
01 0.10625 0.264375 0.014956896551724136 0.013706896551724135
09 0.906875 0.77375 0.036228448275862135 0.032478448275862215
03 0.500625 0.148125 0.03613636363636358 0.023636363636363622
