19 0.9624999999999999 0.445 0.022483552631578863 0.02498355263157892
03 0.06875 0.44625 0.04999161073825504 0.06749161073825505
12 0.80375 0.05875 0.02745689655172412 0.029956896551724142
03 0.34375 0.62625 0.04499444444444445 0.02499444444444454
15 0.551875 0.3225 0.03873809523809535 0.04248809523809527
15 0.7481249999999999 0.1075 0.01374297752808984 0.02999297752808988
20 0.519375 0.46499999999999997 0.018745098039215646 0.01749509803921573
13 0.415625 0.924375 0.041206896551724104 0.07370689655172413
15 0.3175 0.29375 0.024978448275862042 0.05497844827586207
01 0.495 0.171875 0.019886363636363535 0.013636363636363669
03 0.513125 0.596875 0.04873579545454543 0.041235795454545476
01 0.360625 0.888125 0.018719512195121968 0.013719512195122019
03 0.38625 0.095625 0.009982142857142828 0.03623214285714285
