01 0.8943749999999999 0.23 0.03873355263157896 0.024983552631578976
14 0.193125 0.79375 0.03624161073825505 0.01999161073825484
01 0.943125 0.13874999999999998 0.02120689655172414 0.017456896551724138
06 0.21 0.770625 0.06999444444444441 0.016244444444444284
20 0.8625 0.9725 0.024988095238095087 0.019988095238095083
20 0.264375 0.791875 0.021242977528089846 0.02124297752808979
03 0.44875 0.155625 0.054995098039215706 0.031245098039215685
10 0.745 0.950625 0.024956896551724173 0.023706896551724088
06 0.146875 0.138125 0.02622844827586207 0.01372844827586206
15 0.5349999999999999 0.268125 0.02488636363636354 0.026136363636363624
