12 0.96 0.18000000000000002 0.054983552631578836 0.06748355263157896
01 0.3025 0.44937499999999997 0.022491610738255063 0.018741610738255032
18 0.96375 0.383125 0.02745689655172412 0.028706896551724093
09 0.524375 0.5575 0.04874444444444448 0.07249444444444442
08 0.025625 0.035625000000000004 0.043738095238095236 0.026238095238095234
13 0.27375 0.871875 0.05499297752808985 0.1612429775280898
20 0.785 0.890625 0.027495098039215682 0.021245098039215593
10 0.815625 0.740625 0.03120689655172415 0.028706896551724093
17 0.80375 0.225 0.039978448275862166 0.04497844827586206
18 0.513125 0.75875 0.023636363636363567 0.02738636363636371
02 0.7575000000000001 0.86625 0.07248579545454537 0.024985795454545268
15 0.6481250000000001 0.8287500000000001 0.011219512195122072 0.024969512195122
05 0.138125 0.5018750000000001 0.04623214285714285 0.02123214285714281
