07 0.835 0.43 0.014983552631578911 0.039983552631578934
03 0.19124999999999998 0.6156250000000001 0.032491610738255045 0.04124161073825505
14 0.42562500000000003 0.105625 0.01870689655172414 0.028706896551724134
04 0.364375 0.09125 0.02874444444444446 0.024994444444444444
02 0.050625 0.718125 0.023738095238095232 0.031238095238095065
18 0.985 0.19874999999999998 0.01749297752808987 0.019992977528089845
03 0.26 0.6893750000000001 0.042495098039215695 0.028745098039215766
09 0.756875 0.90875 0.026206896551724146 0.019956896551724168
03 0.79625 0.04625 0.022478448275862206 0.019978448275862065
06 0.0775 0.8362499999999999 0.029886363636363628 0.019886363636363646
05 0.175 0.038125 0.03248579545454547 0.018735795454545456
12 0.17312500000000003 0.31 0.02871951219512195 0.04246951219512196
