02 0.598125 0.21000000000000002 0.061233552631578925 0.06498355263157898
14 0.913125 0.61375 0.03374161073825488 0.059991610738254875
14 0.365 0.170625 0.01745689655172411 0.10120689655172414
15 0.35375 0.429375 0.027494444444444488 0.0787444444444445
10 0.42125 0.39 0.037488095238095265 0.027488095238095256
13 0.615625 0.15437499999999998 0.09874297752808991 0.08124297752808987
14 0.87375 0.400625 0.06749509803921572 0.06624509803921569
06 0.865 0.17875 0.04745689655172414 0.09745689655172413
14 0.661875 0.1325 0.0637284482758621 0.07247844827586206
07 0.251875 0.6062215909090909 0.04613636363636367 0.05244318181818186
11 0.370625 0.8200000000000001 0.051235795454545485 0.04248579545454534
06 0.7237423780487805 0.0925 0.03498475609756091 0.13746951219512196
17 0.20625 0.9081250000000001 0.059982142857142845 0.06373214285714279
05 0.7175 0.725 0.04498749999999996 0.05498749999999997
