14 0.08875 0.31999999999999995 0.06748355263157896 0.03248355263157893
10 0.153125 0.4875 0.031241610738255043 0.03249161073825502
06 0.04 0.13624999999999998 0.027456896551724144 0.01995689655172414
03 0.10500000000000001 0.82875 0.04249444444444446 0.06499444444444435
14 0.438125 0.619375 0.03623809523809529 0.033738095238095234
14 0.124375 0.473125 0.043742977528089894 0.031242977528089855
10 0.051875000000000004 0.22312500000000002 0.031245098039215685 0.018745098039215674
14 0.833125 0.3075 0.053706896551724226 0.02995689655172412
10 0.150625 0.808125 0.03622844827586205 0.036228448275862135
03 0.8943749999999999 0.57125 0.0336363636363638 0.09738636363636355
20 0.428125 0.5325 0.026235795454545463 0.019985795454545485
00 0.16 0.5625 0.04246951219512196 0.0349695121951219
12 0.11937500000000001 0.915 0.06623214285714286 0.057482142857142815
