06 0.408125 0.806875 0.0362335526315789 0.02873355263157884
08 0.195 0.7625 0.05999161073825504 0.05499161073825498
11 0.723125 0.404375 0.03120689655172415 0.026206896551724146
20 0.8987499999999999 0.33125000000000004 0.019994444444444315 0.014994444444444477
11 0.16062500000000002 0.895625 0.03123809523809526 0.028738095238095118
07 0.856875 0.375625 0.036242977528089804 0.021242977528089846
11 0.420625 0.609375 0.03624509803921566 0.031245098039215602
11 0.168125 0.50875 0.028706896551724148 0.03495689655172407
03 0.436875 0.56125 0.03872844827586208 0.032478448275862104
05 0.7012499999999999 0.52 0.04488636363636378 0.022386363636363593
03 0.561875 0.534375 0.041235795454545476 0.023735795454545516
02 0.64125 0.49687500000000007 0.04496951219512191 0.06371951219512201
12 0.12437499999999999 0.39625 0.036232142857142866 0.047482142857142806
03 0.921875 0.61625 0.04623749999999993 0.022487499999999994
