15 0.9212499999999999 0.659375 0.08248355263157892 0.06873355263157899
14 0.600625 0.86625 0.04124161073825505 0.024991610738254955
01 0.704375 0.869375 0.0337068965517241 0.03120689655172404
10 0.405625 0.6556249999999999 0.05874444444444449 0.04624444444444442
15 0.69875 0.454375 0.03248809523809515 0.0487380952380953
15 0.094375 0.59875 0.10124297752808989 0.06999297752808986
14 0.83 0.1125 0.06749509803921572 0.062495098039215685
13 0.198125 0.784375 0.1737068965517241 0.10870689655172405
00 0.29625 0.6512500000000001 0.049978448275862064 0.04497844827586206
17 0.9143749999999999 0.569375 0.09113636363636368 0.09363636363636363
06 0.39875 0.27875 0.04248579545454545 0.03248579545454544
11 0.81125 0.058124999999999996 0.04996951219512202 0.04871951219512194
20 0.506875 0.078125 0.04623214285714278 0.03873214285714287
