15 0.35875 0.43 0.05248355263157889 0.04248355263157888
01 0.63125 0.355 0.01999161073825495 0.012491610738255055
15 0.46499999999999997 0.286875 0.017456896551724166 0.04870689655172411
11 0.6537499999999999 0.71625 0.029994444444444435 0.04499444444444445
15 0.385 0.8699970238095238 0.03248809523809526 0.009994047619047541
08 0.141875 0.7793749999999999 0.04374297752808988 0.023742977528089848
04 0.24625 0.598125 0.03499509803921569 0.031245098039215713
18 0.75375 0.18125 0.024956896551724173 0.02745689655172412
20 0.838125 0.936875 0.03122844827586224 0.026228448275862126
05 0.5150284090909092 0.9325 0.029943181818181785 0.04738636363636384
10 0.69625 0.733125 0.029985795454545383 0.0287357954545453
18 0.65 0.14187499999999997 0.019969512195121997 0.023719512195121945
06 0.265 0.07875 0.04248214285714283 0.039982142857142855
14 0.263125 0.71375 0.03873749999999998 0.049987500000000074
