08 0.5606249999999999 0.868125 0.02123355263157889 0.05623355263157892
07 0.064375 0.61375 0.02874161073825502 0.04999161073825498
15 0.11375 0.46499999999999997 0.009956896551724131 0.014956896551724108
11 0.711875 0.068125 0.026244444444444404 0.033744444444444445
20 0.470625 0.50875 0.026238095238095283 0.024988095238095254
13 0.8656250000000001 0.390625 0.03374297752808986 0.0837429775280899
12 0.869375 0.473125 0.04374509803921578 0.02874509803921571
09 0.15 0.891875 0.02995689655172412 0.0337068965517241
11 0.56375 0.22999999999999998 0.0274784482758621 0.02497844827586207
13 0.12625 0.53125 0.02238636363636365 0.03988636363636355
