14 0.135625 0.8118749999999999 0.038733552631578946 0.02123355263157889
06 0.184375 0.6156250000000001 0.07624161073825506 0.021241610738255035
04 0.926875 0.14937499999999998 0.028706896551724093 0.02870689655172412
09 0.29500000000000004 0.40625 0.01249444444444442 0.027494444444444488
17 0.33 0.675 0.027488095238095256 0.03748809523809504
12 0.345625 0.5818749999999999 0.03374297752808986 0.043742977528089866
15 0.655 0.416875 0.012495098039215669 0.0162450980392157
04 0.18 0.05 0.02995689655172412 0.022456896551724143
15 0.096875 0.313125 0.02372844827586207 0.041228448275862084
09 0.233125 0.843125 0.018636363636363673 0.028636363636363793
11 0.4575 0.265625 0.024985795454545434 0.016235795454545454
14 0.84375 0.788125 0.01746951219512205 0.03371951219512204
