13 0.4 0.849375 0.09748355263157887 0.1037335526315789
03 0.379375 0.818125 0.07624161073825503 0.038741610738254995
00 0.675 0.40375000000000005 0.04495689655172408 0.03995689655172413
03 0.6543749999999999 0.83125 0.03624444444444441 0.054994444444444346
00 0.495 0.89625 0.04748809523809533 0.03498809523809521
10 0.9137500000000001 0.93625 0.03499297752808983 0.03749297752808989
07 0.909375 0.515625 0.1362450980392157 0.1512450980392157
00 0.694375 0.151875 0.05870689655172412 0.05620689655172413
09 0.315625 0.5275000000000001 0.03872844827586208 0.03497844827586205
12 0.7012499999999999 0.5706249999999999 0.09988636363636372 0.10113636363636369
06 0.5206249999999999 0.113125 0.026235795454545463 0.03623579545454547
10 0.266875 0.441875 0.023719512195121972 0.018719512195121968
00 0.67875 0.83125 0.049982142857142864 0.05248214285714281
