12 0.72875 0.33062499999999995 0.0624835526315789 0.06373355263157893
04 0.639375 0.92625 0.05374161073825501 0.03499161073825485
06 0.8943749999999999 0.671875 0.043706896551724106 0.028706896551724093
04 0.7925 0.54 0.04999444444444434 0.03499444444444444
18 0.44937499999999997 0.028124999999999997 0.03373809523809529 0.036238095238095236
03 0.76125 0.473125 0.07999297752808987 0.05374297752808982
20 0.25 0.29312499999999997 0.042495098039215695 0.031245098039215657
00 0.63375 0.8400000000000001 0.039956896551724186 0.029956896551724177
01 0.129375 0.009375 0.02872844827586206 0.018728448275862068
04 0.453125 0.20437499999999997 0.04613636363636364 0.04363636363636367
06 0.83125 0.145625 0.044985795454545285 0.026235795454545463
13 0.24 0.11937500000000001 0.06496951219512201 0.06121951219512195
03 0.731875 0.196875 0.061232142857142846 0.08373214285714287
08 0.393125 0.1525 0.02873749999999997 0.047487500000000016
