05 0.19437500000000002 0.828125 0.033733552631578984 0.04623355263157891
10 0.09312500000000001 0.326875 0.03374161073825503 0.033741610738255046
01 0.54125 0.95625 0.03745689655172413 0.039956896551724186
02 0.8725 0.27375 0.027494444444444377 0.03499444444444444
11 0.895625 0.66125 0.03873809523809513 0.03248809523809504
12 0.6725 0.12625 0.04249297752808978 0.04249297752808989
08 0.533125 0.49125 0.04874509803921567 0.022495098039215677
16 0.46125000000000005 0.03875000000000001 0.034956896551724126 0.054956896551724144
02 0.924375 0.755 0.056228448275862264 0.01997844827586226
01 0.639375 0.08937500000000001 0.028636363636363682 0.02863636363636364
06 0.33875 0.6187499999999999 0.06248579545454547 0.12998579545454547
16 0.440625 0.8325 0.03121951219512198 0.05996951219512203
12 0.048125 0.333125 0.04623214285714286 0.04623214285714283
20 0.31875 0.28 0.027487500000000054 0.02248750000000005
