08 0.826875 0.81 0.008733552631578934 0.01748355263157897
10 0.9875 0.53625 0.01999161073825484 0.014991610738255057
07 0.49874999999999997 0.552489224137931 0.04495689655172408 0.05997844827586207
16 0.528125 0.45625 0.033744444444444466 0.0374944444444445
12 0.57125 0.9724999999999999 0.03248809523809526 0.034988095238095096
14 0.484375 0.88375 0.023742977528089848 0.019992977528089817
01 0.33 0.835 0.017495098039215673 0.014995098039215726
20 0.6487499999999999 0.559375 0.022456896551724115 0.023706896551724088
10 0.563125 0.34875 0.018728448275862064 0.01747844827586209
02 0.8574999999999999 0.8768750000000001 0.024886363636363762 0.0336363636363638
13 0.10125 0.934375 0.07998579545454546 0.048735795454545316
11 0.0775 0.579375 0.01746951219512194 0.016219512195121966
