10 0.0425 0.360625 0.04248355263157895 0.02623355263157895
12 0.756875 0.78 0.06124161073825485 0.05749161073825493
00 0.7618750000000001 0.200625 0.053706896551724115 0.033706896551724125
20 0.07250000000000001 0.043125 0.03999444444444445 0.02874444444444444
15 0.154375 0.196875 0.036238095238095236 0.026238095238095283
03 0.84125 0.04 0.027492977528089768 0.02249297752808989
19 0.22062500000000002 0.45875 0.03624509803921569 0.03749509803921569
10 0.44375 0.665 0.054956896551724144 0.04495689655172408
18 0.915625 0.7575000000000001 0.03122844827586224 0.03497844827586227
14 0.10062499999999999 0.360625 0.023636363636363636 0.046136363636363587
10 0.90125 0.67875 0.04248579545454523 0.03248579545454533
06 0.8625 0.203125 0.024969512195122 0.12371951219512198
03 0.603125 0.5375 0.043732142857142886 0.057482142857142815
10 0.251875 0.5549999999999999 0.0287375 0.022487500000000105
