03 0.26 0.221875 0.01998355263157897 0.021233552631578972
01 0.631875 0.6637500000000001 0.011241610738255026 0.012491610738254999
18 0.140625 0.5325 0.016206896551724137 0.01745689655172411
20 0.046875 0.09812499999999999 0.02124444444444444 0.016244444444444464
10 0.204375 0.11 0.018738095238095276 0.01998809523809522
01 0.36812500000000004 0.9668749999999999 0.01624297752808984 0.011242977528089892
06 0.686875 0.76625 0.038745098039215664 0.04499509803921575
07 0.491875 0.245625 0.06370689655172412 0.013706896551724135
20 0.436875 0.846875 0.016228448275862062 0.013728448275862282
10 0.33062499999999995 0.49125 0.021136363636363675 0.019886363636363646
08 0.684375 0.86625 0.04623579545454526 0.014985795454545259
01 0.306875 0.0775 0.02121951219512197 0.014969512195121937
03 0.77625 0.785625 0.012482142857142886 0.02123214285714281
20 0.6837500000000001 0.1975 0.01748749999999999 0.014987500000000015
