04 0.294375 0.94 0.021233552631579 0.02498355263157881
09 0.988125 0.49374999999999997 0.013741610738254861 0.022491610738255008
20 0.699375 0.786875 0.018706896551724084 0.01370689655172419
08 0.98125 0.956875 0.027494444444444377 0.01124444444444439
01 0.8075 0.338125 0.019988095238095083 0.013738095238095271
20 0.886875 0.8831249999999999 0.016242977528089897 0.011242977528089892
07 0.5562512254901961 0.588125 0.02749754901960777 0.06374509803921569
06 0.901875 0.658125 0.011206896551724133 0.1012068965517241
03 0.0225 0.5462499999999999 0.02997844827586207 0.024978448275862042
12 0.14500000000000002 0.93875 0.024886363636363623 0.02738636363636371
