06 0.68125 0.694375 0.06998355263157885 0.06373355263157887
20 0.5475 0.816875 0.03249161073825513 0.028741610738254875
02 0.8999999999999999 0.803125 0.04245689655172413 0.036206896551724155
12 0.311875 0.7737499999999999 0.02874444444444446 0.029994444444444324
09 0.4225 0.8325 0.027488095238095256 0.024988095238095198
03 0.41500000000000004 0.34875 0.027492977528089824 0.02499297752808982
06 0.5643750000000001 0.843125 0.046245098039215615 0.08124509803921565
14 0.95 0.56125 0.012456896551724106 0.024956896551724173
16 0.43875 0.9137500000000001 0.034978448275862106 0.03747844827586222
02 0.836875 0.06625 0.053636363636363704 0.037386363636363634
11 0.680625 0.503125 0.026235795454545352 0.02373579545454546
19 0.681875 0.821875 0.03121951219512198 0.023719512195121917
