03 0.47375 0.6893750000000001 0.04998355263157894 0.031233552631578898
04 0.056875 0.4 0.028741610738255027 0.027491610738255068
01 0.65125 0.698125 0.019956896551724057 0.016206896551724137
04 0.5193749999999999 0.779375 0.02124444444444451 0.023744444444444346
04 0.45687500000000003 0.8825000000000001 0.026238095238095227 0.024988095238095087
11 0.74 0.07999999999999999 0.029992977528089826 0.02499297752808989
08 0.7893749999999999 0.5800000000000001 0.021245098039215704 0.03999509803921575
07 0.55625 0.059375 0.02745689655172412 0.03620689655172415
01 0.2375 0.6924999999999999 0.019978448275862065 0.0174784482758622
18 0.97 0.7693749999999999 0.022386363636363704 0.026136363636363735
05 0.015 0.713125 0.019985795454545454 0.031235795454545245
12 0.71625 0.321875 0.05246951219512208 0.058719512195122
16 0.55875 0.566875 0.03498214285714285 0.03123214285714282
