20 0.9675 0.203125 0.02498355263157892 0.021233552631579
04 0.734375 0.9550000000000001 0.036241610738254826 0.0274916107382549
09 0.5575 0.09999999999999999 0.019956896551724057 0.044956896551724135
13 0.106875 0.761875 0.09124444444444445 0.06624444444444433
01 0.8143750000000001 0.531875 0.03373809523809512 0.02873809523809534
04 0.169375 0.028125000000000004 0.03874297752808986 0.03374297752808989
02 0.638125 0.44375 0.031245098039215713 0.03499509803921569
14 0.555625 0.21125 0.03120689655172415 0.044956896551724135
00 0.43562500000000004 0.08 0.041228448275862084 0.02497844827586207
08 0.53625 0.205625 0.04488636363636367 0.06863636363636366
06 0.956875 0.388125 0.03623579545454536 0.08373579545454546
18 0.930625 0.351875 0.023719512195122028 0.026219512195121975
19 0.163125 0.2375 0.04123214285714283 0.03498214285714282
