19 0.570625 0.290625 0.0362335526315789 0.023733552631579002
13 0.5818749999999999 0.22062500000000002 0.08374161073825503 0.04374161073825503
15 0.5775 0.101875 0.029956896551724066 0.02370689655172413
19 0.92125 0.32937500000000003 0.029994444444444435 0.033744444444444466
14 0.8300000000000001 0.419375 0.014988095238095078 0.03623809523809529
14 0.281875 0.839375 0.05624297752808988 0.02124297752808979
19 0.3225 0.86 0.02499509803921568 0.03999509803921564
01 0.44437499999999996 0.4525 0.02620689655172409 0.02745689655172412
12 0.649375 0.53625 0.04122844827586203 0.05997844827586207
19 0.6725 0.75625 0.039886363636363775 0.04238636363636372
14 0.799375 0.2375 0.02873579545454541 0.037485795454545445
