03 0.796875 0.098125 0.023733552631578947 0.011233552631578936
04 0.18 0.913125 0.02749161073825504 0.018741610738254866
18 0.1075 0.7731250000000001 0.014956896551724136 0.018706896551724195
12 0.059375000000000004 0.869375 0.028744444444444447 0.033744444444444355
01 0.285625 0.84625 0.021238095238095278 0.017488095238095025
06 0.729375 0.379375 0.011242977528089781 0.018742977528089844
10 0.703125 0.16 0.018745098039215646 0.019995098039215675
07 0.8049999999999999 0.4275 0.02495689655172406 0.012456896551724106
03 0.1375 0.850625 0.012478448275862059 0.036228448275862246
01 0.655625 0.6268750000000001 0.028636363636363793 0.018636363636363673
06 0.8325 0.93875 0.012485795454545312 0.0649857954545453
