15 0.3575 0.516875 0.02498355263157892 0.05373355263157892
13 0.12875 0.09437500000000001 0.04249161073825504 0.06874161073825505
14 0.428125 0.89375 0.0362068965517241 0.022456896551724115
03 0.24937499999999999 0.34625 0.038744444444444415 0.0424944444444445
03 0.8775 0.901875 0.024988095238095087 0.05123809523809508
03 0.760625 0.665 0.03874297752808986 0.06999297752808986
06 0.889375 0.5775 0.12124509803921568 0.08999509803921568
01 0.6799999999999999 0.50625 0.02495689655172406 0.014956896551724108
05 0.9199946120689656 0.63 0.032489224137931094 0.03747844827586211
01 0.504375 0.454375 0.026136363636363624 0.021136363636363564
12 0.135 0.23875 0.027485795454545464 0.08748579545454543
