11 0.17875 0.7506250000000001 0.03248355263157898 0.031233552631578898
02 0.49374999999999997 0.711875 0.022491610738255008 0.05124161073825484
01 0.828125 0.485625 0.04120689655172405 0.0362068965517241
03 0.41000000000000003 0.91625 0.02249444444444454 0.047494444444444284
11 0.23249999999999998 0.16125 0.03248809523809529 0.03248809523809526
09 0.74 0.093125 0.03249297752808977 0.06124297752808988
04 0.5525 0.6793750000000001 0.032495098039215686 0.02374509803921565
20 0.891875 0.8925000000000001 0.03120689655172415 0.019956896551724168
11 0.281875 0.485625 0.03372844827586208 0.023728448275862013
01 0.55125 0.835 0.03488636363636366 0.02738636363636371
03 0.910625 0.926875 0.01873579545454529 0.031235795454545245
20 0.8625 0.9 0.019969512195121997 0.022469512195121943
13 0.09187500000000001 0.829375 0.07873214285714286 0.04873214285714278
06 0.16875 0.234375 0.017487500000000017 0.028737500000000027
