03 0.17 0.475625 0.08748355263157898 0.11123355263157897
08 0.2325 0.680625 0.07499161073825505 0.046241610738254946
20 0.57875 0.18625 0.039956896551724075 0.034956896551724126
18 0.2475 0.23500000000000001 0.03499444444444444 0.03749444444444444
07 0.515625 0.13937500000000003 0.08373809523809528 0.08373809523809525
03 0.88375 0.8206249999999999 0.057492977528089795 0.07374297752808989
02 0.22749999999999998 0.52625 0.05749509803921568 0.06749509803921572
12 0.7518750000000001 0.505625 0.07370689655172413 0.06870689655172413
18 0.69 0.84375 0.032478448275862104 0.03497844827586216
03 0.5825 0.458125 0.04238636363636361 0.05113636363636359
