06 0.86 0.052500000000000005 0.012483552631578965 0.04748355263157895
19 0.35875 0.6825 0.022491610738255063 0.02999161073825496
06 0.925 0.545 0.05245689655172414 0.13245689655172416
15 0.301875 0.346875 0.05124444444444448 0.026244444444444515
01 0.298125 0.899375 0.03123809523809523 0.02623809523809506
13 0.35125 0.885 0.17499297752808984 0.06749297752808991
13 0.1825 0.534375 0.09749509803921569 0.0737450980392157
00 0.9456249999999999 0.8356250000000001 0.043706896551724106 0.028706896551724204
15 0.366875 0.208125 0.04122844827586203 0.06622844827586205
11 0.70875 0.085625 0.047386363636363726 0.031136363636363643
04 0.36 0.615625 0.04248579545454545 0.03873579545454553
15 0.415625 0.49 0.038719512195121986 0.04996951219512197
19 0.099375 0.23125 0.038732142857142854 0.05748214285714284
