06 0.7056291118421052 0.30687499999999995 0.031241776315789394 0.14373355263157891
12 0.360625 0.420625 0.041241610738255 0.046241610738255
07 0.66625 0.790625 0.012456896551724217 0.05870689655172412
07 0.389375 0.44124861111111113 0.04624444444444448 0.019997222222222222
13 0.446875 0.681875 0.07123809523809527 0.10873809523809519
10 0.083125 0.026874999999999996 0.02374297752808989 0.023742977528089883
10 0.593125 0.94 0.02624509803921571 0.024995098039215624
04 0.9012500000000001 0.47125 0.032456896551724124 0.02745689655172412
12 0.4775 0.760625 0.05497844827586207 0.06872844827586211
20 0.30374999999999996 0.766875 0.027386363636363653 0.02113636363636373
07 0.891875 0.481875 0.011235795454545339 0.08623579545454552
09 0.316875 0.15812500000000002 0.04121951219512199 0.036219512195121956
02 0.26125 0.700625 0.009982142857142828 0.03123214285714282
14 0.91125 0.855625 0.0174875000000001 0.033737499999999976
