18 0.5237499999999999 0.86375 0.022483552631578863 0.02498355263157892
04 0.5506249999999999 0.28812499999999996 0.018741610738255088 0.018741610738255032
01 0.829375 0.44062500000000004 0.028706896551724093 0.028706896551724148
03 0.54125 0.946875 0.019994444444444426 0.023744444444444346
08 0.4125 0.76625 0.05248809523809528 0.019988095238095083
14 0.74125 0.975 0.032492977528089884 0.019992977528089817
06 0.618125 0.614375 0.0162450980392157 0.031245098039215602
17 0.37124999999999997 0.9650000000000001 0.024956896551724117 0.04245689655172413
19 0.5700000000000001 0.226875 0.024978448275862042 0.03372844827586208
10 0.353125 0.046875 0.028636363636363626 0.021136363636363634
14 0.057499999999999996 0.73875 0.01748579545454545 0.037485795454545334
