12 0.63625 0.66625 0.07998355263157886 0.08248355263157892
10 0.24062499999999998 0.15625 0.02624161073825501 0.022491610738255063
09 0.05561422413793104 0.0325 0.04372844827586207 0.029956896551724146
04 0.30562500000000004 0.8981250000000001 0.02624444444444446 0.031244444444444297
02 0.5931249999999999 0.5862499999999999 0.058738095238095256 0.05748809523809528
08 0.39625 0.26749999999999996 0.039992977528089835 0.04249297752808984
11 0.265 0.339375 0.03749509803921569 0.03624509803921566
07 0.258125 0.3325 0.031206896551724123 0.044956896551724135
12 0.19874999999999998 0.2075 0.032478448275862076 0.052478448275862066
04 0.691875 0.78375 0.0386363636363638 0.039886363636363664
