03 0.215 0.514375 0.014983552631578967 0.02123355263157889
12 0.264375 0.6399999999999999 0.036241610738255076 0.0274916107382549
03 0.6481250000000001 0.7106250000000001 0.026206896551724035 0.028706896551724204
12 0.01625 0.030625 0.022494444444444442 0.023744444444444443
12 0.941875 0.21687499999999998 0.021238095238095056 0.04123809523809527
01 0.9125000000000001 0.190625 0.02499297752808982 0.01624297752808987
12 0.0475 0.83875 0.017495098039215687 0.034995098039215744
15 0.229375 0.328125 0.026206896551724146 0.016206896551724137
06 0.29500000000000004 0.546875 0.062478448275862075 0.02122844827586201
14 0.111875 0.4625 0.03363636363636363 0.037386363636363606
10 0.77875 0.109375 0.017485795454545427 0.016235795454545454
03 0.888125 0.603125 0.011219512195122072 0.02121951219512197
11 0.7931250000000001 0.5943750000000001 0.02123214285714281 0.02123214285714281
