10 0.326875 0.79625 0.01623355263157894 0.014983552631578911
10 0.428125 0.56875 0.023741610738255037 0.017491610738255003
05 0.15 0.135625 0.034956896551724126 0.03870689655172414
05 0.33187500000000003 0.97375 0.02624444444444446 0.027494444444444266
04 0.785625 0.42937499999999995 0.02623809523809517 0.018738095238095276
15 0.600625 0.073125 0.026242977528089795 0.026242977528089892
15 0.5306249999999999 0.726875 0.021245098039215704 0.1312450980392157
18 0.238125 0.9837499999999999 0.01870689655172414 0.022456896551724115
12 0.541875 0.6074999999999999 0.061228448275862046 0.04247844827586211
07 0.1675 0.080625 0.06988636363636364 0.05363636363636363
11 0.925 0.065 0.024985795454545268 0.027485795454545443
06 0.304375 0.16562500000000002 0.051219512195122 0.036219512195121956
