10 0.56625 0.385 0.037483552631578876 0.039983552631578934
11 0.365 0.6475 0.05749161073825504 0.034991610738255075
07 0.110625 0.77875 0.06370689655172414 0.04245689655172413
12 0.8275 0.484375 0.08249444444444443 0.07124444444444444
03 0.076875 0.5800000000000001 0.06623809523809523 0.08748809523809531
19 0.673125 0.8612500000000001 0.028742977528089853 0.03749297752808978
08 0.744375 0.534375 0.04874509803921567 0.06874509803921569
14 0.221875 0.8656250000000001 0.031206896551724123 0.04120689655172416
03 0.94125 0.03375 0.05247844827586223 0.029978448275862067
08 0.0875 0.306875 0.03988636363636362 0.07113636363636361
14 0.558125 0.950625 0.026235795454545463 0.05623579545454527
