20 0.62125 0.921875 0.014983552631578911 0.016233552631578885
15 0.653125 0.36875 0.02374161073825498 0.01749161073825506
01 0.925 0.7931250000000001 0.02495689655172406 0.02120689655172414
11 0.6675 0.72 0.037494444444444386 0.029994444444444324
08 0.4525 0.799375 0.014988095238095245 0.05623809523809509
03 0.4325 0.653125 0.07499297752808987 0.018742977528089844
13 0.5081249999999999 0.7831250000000001 0.056245098039215624 0.10374509803921572
14 0.829375 0.020624999999999998 0.0387068965517241 0.036206896551724134
06 0.31625 0.21186961206896554 0.11247844827586206 0.02373922413793103
13 0.1775 0.450625 0.04738636363636364 0.08363636363636362
08 0.289375 0.76 0.013735795454545507 0.044985795454545396
04 0.62625 0.92875 0.03496951219512201 0.03746951219512196
