05 0.398125 0.041875 0.0362335526315789 0.018733552631578956
14 0.766875 0.93625 0.026241610738254928 0.014991610738254946
18 0.785625 0.221875 0.02120689655172414 0.023706896551724116
20 0.09437500000000001 0.975 0.028744444444444447 0.022494444444444373
15 0.06750297619047618 0.9125 0.012494047619047613 0.017488095238095136
20 0.7918750000000001 0.161875 0.023742977528089848 0.02624297752808985
04 0.753125 0.23625000000000002 0.038745098039215775 0.024995098039215707
03 0.2175 0.05500000000000001 0.022456896551724115 0.019956896551724147
03 0.073125 0.98 0.07372844827586207 0.02997844827586227
11 0.86 0.09125 0.03238636363636371 0.03238636363636363
19 0.21125 0.973125 0.04498579545454548 0.031235795454545356
01 0.041874999999999996 0.401875 0.028719512195121946 0.028719512195121977
03 0.705625 0.49187499999999995 0.08873214285714293 0.023732142857142813
