15 0.78375 0.27437500000000004 0.012483552631578854 0.01623355263157894
06 0.5925 0.8600000000000001 0.07249161073825505 0.04749161073825492
19 0.86625 0.423125 0.012456896551724106 0.023706896551724144
14 0.889375 0.7375 0.01874444444444434 0.022494444444444373
02 0.77875 0.93625 0.014988095238095078 0.027488095238095145
03 0.035 0.580625 0.009992977528089884 0.028742977528089853
14 0.57375 0.063125 0.012495098039215669 0.026245098039215688
14 0.850625 0.323125 0.018706896551724195 0.023706896551724088
07 0.650625 0.8525 0.018728448275862286 0.06997844827586219
04 0.27375 0.98125 0.019886363636363646 0.0173863636363637
13 0.505 0.825 0.06998579545454553 0.037485795454545334
14 0.37875000000000003 0.019374999999999996 0.027469512195122003 0.033719512195121946
