08 0.51125 0.38312500000000005 0.012483552631578965 0.02373355263157889
05 0.88375 0.70375 0.034991610738254963 0.04499161073825486
10 0.2975 0.419375 0.02745689655172412 0.023706896551724088
04 0.77 0.18562499999999998 0.03499444444444433 0.03374444444444444
00 0.07375 0.954375 0.03498809523809523 0.02623809523809517
07 0.8200000000000001 0.950625 0.019992977528089928 0.09374297752808991
18 0.49 0.8262499999999999 0.02999509803921563 0.032495098039215686
07 0.596875 0.50375 0.043706896551724106 0.04745689655172414
08 0.375 0.338125 0.04497844827586206 0.043728448275862086
06 0.0925 0.821875 0.06488636363636363 0.1061363636363637
15 0.64125 0.37687499999999996 0.012485795454545423 0.05373579545454549
12 0.256875 0.770625 0.04871951219512197 0.051219512195122
