03 0.190625 0.6000000000000001 0.026233552631578977 0.039983552631578934
03 0.941875 0.7824979026845638 0.0537416107382549 0.034995805369127386
19 0.423125 0.138125 0.021206896551724086 0.03870689655172414
03 0.6225 0.19687500000000002 0.03249444444444449 0.018744444444444425
02 0.38375000000000004 0.07875 0.07748809523809524 0.03248809523809523
10 0.81375 0.265 0.032492977528089884 0.024992977528089877
10 0.221875 0.07500000000000001 0.02374509803921568 0.027495098039215696
01 0.7625 0.54375 0.029956896551724177 0.019956896551724168
14 0.7825 0.8443750000000001 0.01997844827586226 0.028728448275862184
20 0.171875 0.20625 0.031136363636363656 0.029886363636363683
03 0.753125 0.51875 0.04373579545454531 0.0349857954545455
15 0.044375 0.0175 0.016219512195121952 0.02746951219512195
02 0.90125 0.785625 0.03498214285714285 0.05623214285714284
