11 0.15500000000000003 0.02875 0.032483552631578955 0.03248355263157895
14 0.573125 0.7849999999999999 0.028741610738254986 0.024991610738254955
03 0.71375 0.7793749999999999 0.019956896551724057 0.023706896551724088
05 0.3625 0.2225 0.022494444444444484 0.039994444444444444
14 0.7012499999999999 0.1225 0.029988095238095203 0.02498809523809524
03 0.55 0.96875 0.03749297752808978 0.029992977528089826
15 0.435 0.62875 0.017495098039215673 0.024995098039215735
09 0.255 0.06375 0.03745689655172413 0.04995689655172414
03 0.6543749999999999 0.411875 0.04122844827586214 0.03872844827586208
07 0.044375 0.48624999999999996 0.03363636363636363 0.03738636363636355
14 0.36687499999999995 0.585625 0.03373579545454547 0.041235795454545476
18 0.22875 0.625625 0.01996951219512197 0.02121951219512197
03 0.27437500000000004 0.845 0.038732142857142826 0.02748214285714279
07 0.301875 0.628125 0.033737499999999976 0.06623750000000006
