15 0.569375 0.473125 0.0362335526315789 0.02373355263157889
18 0.135 0.78625 0.019991610738255033 0.022491610738254897
00 0.916875 0.51625 0.026206896551724146 0.01745689655172411
11 0.95125 0.260625 0.022494444444444373 0.026244444444444404
04 0.48062499999999997 0.11875 0.026238095238095227 0.019988095238095235
20 0.933125 0.31375 0.02124297752808979 0.014992977528089868
16 0.266875 0.042499999999999996 0.02874509803921571 0.04249509803921568
18 0.06 0.67625 0.01995689655172414 0.022456896551724115
01 0.479375 0.505 0.01372844827586206 0.014978448275862088
06 0.506875 0.27375 0.01613636363636356 0.019886363636363646
10 0.92875 0.360625 0.027485795454545325 0.02623579545454552
