12 0.729375 0.25125 0.051233552631578805 0.04748355263157897
06 0.973125 0.53625 0.04124161073825494 0.014991610738255057
03 0.06063577586206896 0.239375 0.05622844827586206 0.046206896551724164
02 0.89625 0.3075 0.0524944444444444 0.06499444444444447
08 0.6487499999999999 0.400625 0.037488095238095154 0.033738095238095234
01 0.669375 0.8362499999999999 0.0212429775280899 0.019992977528089928
01 0.09625 0.6975 0.03749509803921569 0.034995098039215744
03 0.7875 0.8043750000000001 0.049956896551724084 0.04120689655172416
01 0.215625 0.343125 0.028728448275862045 0.021228448275862066
20 0.929375 0.825625 0.03113636363636374 0.021136363636363842
