03 0.93625 0.123125 0.039983552631578934 0.04373355263157894
11 0.6812499999999999 0.311875 0.0274916107382549 0.02624161073825504
04 0.58875 0.5943750000000001 0.024956896551724173 0.02120689655172414
06 0.8287500000000001 0.330625 0.03999444444444433 0.016244444444444506
02 0.080625 0.333125 0.036238095238095236 0.03623809523809529
00 0.67875 0.8768750000000001 0.029992977528089826 0.0212429775280899
18 0.50625 0.26937500000000003 0.017495098039215673 0.02124509803921565
04 0.06125 0.9450000000000001 0.02995689655172415 0.029956896551724177
06 0.8487553879310344 0.645 0.007489224137931183 0.057478448275862126
13 0.619375 0.6300000000000001 0.08363636363636362 0.03738636363636372
00 0.245625 0.63 0.028735795454545465 0.019985795454545485
