15 0.078125 0.195625 0.013733552631578952 0.03873355263157896
03 0.31125 0.21125 0.03249161073825507 0.02749161073825504
13 0.39 0.241875 0.06745689655172415 0.07370689655172413
06 0.260625 0.868125 0.0887444444444444 0.01874444444444434
10 0.965 0.06562499999999999 0.017488095238095136 0.016238095238095232
07 0.16749999999999998 0.67875 0.019992977528089872 0.0524929775280899
00 0.0875 0.77125 0.03999509803921569 0.03999509803921564
20 0.835 0.913125 0.01745689655172411 0.01370689655172408
05 0.15875 0.193125 0.03497844827586205 0.021228448275862066
03 0.7475 0.583125 0.04488636363636378 0.023636363636363678
06 0.2425 0.176875 0.029985795454545466 0.08123579545454546
14 0.08625 0.08125 0.03746951219512194 0.05746951219512195
