03 0.39937500000000004 0.86375 0.06123355263157887 0.07748355263157891
15 0.075625 0.65875 0.08124161073825505 0.06249161073825493
14 0.135625 0.05375 0.06120689655172412 0.062456896551724136
03 0.92625 0.28750000000000003 0.06249444444444441 0.09249444444444446
03 0.905625 0.815625 0.06623809523809521 0.07123809523809521
16 0.08875 0.420625 0.05749297752808989 0.08874297752808985
13 0.838125 0.9537500000000001 0.1562450980392156 0.07499509803921567
07 0.7062607758620689 0.193125 0.05997844827586207 0.046206896551724136
06 0.5543750000000001 0.6581250000000001 0.05872844827586199 0.10372844827586214
09 0.493125 0.1725 0.043636363636363584 0.06488636363636366
01 0.165 0.694375 0.05248579545454546 0.051235795454545374
