00 0.333125 0.09 0.018733552631578942 0.01748355263157894
12 0.768125 0.325 0.018741610738254866 0.01999161073825506
11 0.8125 0.538125 0.024956896551724173 0.018706896551724195
03 0.510625 0.4625 0.008744444444444444 0.02999444444444449
15 0.7537499999999999 0.6825 0.014988095238095078 0.04248809523809505
03 0.39062324438202245 0.016875 0.0312464887640449 0.016242977528089887
10 0.90125 0.73875 0.01999509803921562 0.017495098039215673
03 0.8418749999999999 0.328125 0.03120689655172415 0.023706896551724088
13 0.808125 0.850625 0.11872844827586215 0.06872844827586222
03 0.114375 0.35875 0.03363636363636363 0.01738636363636359
04 0.54125 0.31062500000000004 0.02498579545454538 0.018735795454545456
01 0.9437500000000001 0.77 0.01746951219512194 0.012469512195121935
