06 0.116875 0.7449958881578946 0.16123355263157896 0.027491776315789473
15 0.70625 0.395 0.03999161073825486 0.024991610738255066
03 0.49062500000000003 0.686875 0.03120689655172415 0.036206896551724155
03 0.90875 0.49624999999999997 0.047494444444444395 0.08499444444444454
09 0.5449999999999999 0.043125 0.05748809523809528 0.05373809523809524
00 0.065 0.8868750000000001 0.05499297752808988 0.03374297752808986
11 0.4125 0.04062500000000001 0.0474950980392157 0.03624509803921569
09 0.688125 0.65125 0.036206896551724155 0.0549568965517242
01 0.18312499999999998 0.40437500000000004 0.051228448275862065 0.04622844827586209
07 0.8362499999999999 0.10125 0.05988636363636368 0.04488636363636363
