12 0.169375 0.04 0.053733552631578946 0.04248355263157895
04 0.18937500000000002 0.428125 0.03124161073825507 0.031241610738255043
11 0.73375 0.205625 0.03495689655172418 0.02120689655172414
00 0.698125 0.2175 0.026244444444444293 0.027494444444444432
17 0.02625 0.9781249999999999 0.029988095238095237 0.03373809523809512
00 0.473125 0.11875 0.02624297752808985 0.024992977528089877
18 0.10875000000000001 0.27125 0.02249509803921569 0.02499509803921568
06 0.64625 0.69875 0.0549568965517242 0.057456896551724146
15 0.845 0.685 0.032478448275862215 0.0174784482758622
00 0.1775 0.7075 0.032386363636363685 0.019886363636363757
10 0.581875 0.81 0.02123579545454546 0.019985795454545374
06 0.130625 0.22 0.016219512195121952 0.057469512195121975
18 0.4525 0.915 0.01248214285714283 0.014982142857142833
