14 0.22125 0.8925000000000001 0.012483552631578965 0.022483552631578863
06 0.709375 0.09375 0.0537416107382549 0.09999161073825502
14 0.711875 0.853125 0.023706896551724088 0.06620689655172418
17 0.5137499999999999 0.7475 0.022494444444444484 0.029994444444444324
02 0.8868750000000001 0.20375 0.031238095238095176 0.03248809523809529
14 0.305 0.2875 0.012492977528089866 0.027492977528089824
13 0.818125 0.92625 0.0787450980392157 0.03999509803921564
01 0.1525 0.541875 0.019956896551724113 0.016206896551724137
08 0.21875 0.52125 0.019978448275862037 0.029978448275862046
03 0.685 0.07 0.022386363636363815 0.022386363636363635
18 0.0225 0.35 0.019985795454545457 0.022485795454545487
03 0.243125 0.48375 0.028719512195121977 0.022469512195122
14 0.7506250000000001 0.5606249999999999 0.02123214285714281 0.033732142857142766
