01 0.650625 0.6387499999999999 0.016233552631578885 0.01748355263157897
15 0.5225 0.15000000000000002 0.03249161073825502 0.029991610738255042
04 0.150625 0.8887499999999999 0.031206896551724123 0.02495689655172406
16 0.48062499999999997 0.28875 0.04374444444444453 0.04249444444444439
11 0.114375 0.11 0.033738095238095234 0.02998809523809523
07 0.45999999999999996 0.729375 0.062492977528089855 0.03874297752808986
01 0.255625 0.911875 0.018745098039215702 0.0162450980392157
13 0.69375 0.049375 0.057456896551724146 0.06120689655172415
06 0.5818749999999999 0.53 0.016228448275862006 0.0274784482758621
12 0.44625 0.039375 0.0323863636363636 0.05613636363636364
12 0.8125 0.9368749999999999 0.05248579545454524 0.05373579545454532
03 0.128125 0.955625 0.03871951219512196 0.026219512195121975
