14 0.40375 0.45125000000000004 0.022483552631578863 0.027483552631578922
04 0.938125 0.21500000000000002 0.036241610738254826 0.03499161073825505
06 0.903125 0.09375 0.011206896551724133 0.039956896551724144
10 0.18312499999999998 0.62375 0.02624444444444443 0.01749444444444448
16 0.36812500000000004 0.078125 0.028738095238095285 0.05123809523809523
05 0.90875 0.7756232443820225 0.03749297752808978 0.023746488764044837
08 0.7 0.459375 0.02999509803921574 0.04624509803921567
10 0.3 0.07624999999999998 0.022456896551724115 0.029956896551724135
06 0.020625 0.41312499999999996 0.011228448275862071 0.041228448275862084
11 0.74875 0.70625 0.03238636363636371 0.022386363636363815
03 0.6074999999999999 0.9606250000000001 0.02498579545454549 0.023735795454545294
