14 0.33625 0.54375 0.03248355263157887 0.019983552631578916
06 0.7875 0.11624999999999999 0.06249161073825493 0.06999161073825504
07 0.390625 0.64125 0.011206896551724133 0.029956896551724066
04 0.1275 0.414375 0.02999444444444445 0.02874444444444446
14 0.7993779761904762 0.421875 0.011244047619047626 0.021238095238095278
12 0.9375 0.37124999999999997 0.029992977528089826 0.044992977528089895
03 0.49375 0.735625 0.01749509803921573 0.02374509803921565
07 0.406239224137931 0.329375 0.017478448275862035 0.031206896551724095
12 0.649375 0.788125 0.03872844827586208 0.05122844827586215
18 0.364375 0.971875 0.013636363636363558 0.016136363636363726
18 0.8981250000000001 0.5700000000000001 0.0187357954545454 0.019985795454545374
15 0.500625 0.17500000000000002 0.023719512195121917 0.03246951219512195
03 0.8975 0.063125 0.047482142857142806 0.013732142857142852
00 0.481875 0.786875 0.018737499999999963 0.016237500000000016
