07 0.27437500000000004 0.10999999999999999 0.018733552631578998 0.06998355263157895
14 0.143125 0.54125 0.02624161073825504 0.02999161073825496
05 0.60375 0.12687500000000002 0.014956896551724164 0.033706896551724125
06 0.631875 0.879375 0.05374444444444437 0.04874444444444437
04 0.065625 0.4225 0.03123809523809524 0.02248809523809525
02 0.79375 0.315 0.029992977528089937 0.02499297752808982
14 0.7675 0.8343750000000001 0.03749509803921569 0.031245098039215713
08 0.47562499999999996 0.5393749999999999 0.041206896551724104 0.01370689655172408
12 0.039375 0.41437500000000005 0.023728448275862072 0.02622844827586207
14 0.050625 0.083125 0.04363636363636364 0.026136363636363638
19 0.0475 0.81125 0.024985795454545455 0.019985795454545374
03 0.74 0.71375 0.014969512195121992 0.02496951219512189
02 0.550625 0.906875 0.04623214285714283 0.02373214285714287
12 0.19437500000000002 0.339375 0.058737500000000026 0.04123749999999998
