10 0.344375 0.0675 0.026233552631578894 0.017483552631578955
01 0.365625 0.629375 0.02624161073825504 0.028741610738254875
07 0.535 0.37749999999999995 0.05995689655172409 0.034956896551724126
08 0.6975 0.5375 0.06499444444444435 0.02499444444444454
15 0.38625 0.826875 0.027488095238095256 0.04623809523809508
13 0.915 0.8425 0.1399929775280898 0.07999297752808987
02 0.833125 0.18375000000000002 0.08124509803921565 0.1424950980392157
20 0.063125 0.125 0.02120689655172414 0.01245689655172412
03 0.59625 0.4375 0.03497844827586205 0.0274784482758621
15 0.5318750000000001 0.786875 0.02113636363636362 0.05113636363636376
03 0.620625 0.579375 0.03873579545454553 0.07623579545454551
