06 0.04625 0.44 0.014983552631578946 0.017483552631578858
11 0.23625000000000002 0.9368749999999999 0.022491610738255036 0.01624161073825492
10 0.673125 0.38125 0.02120689655172414 0.017456896551724166
04 0.813125 0.1275 0.0212444444444444 0.02249444444444447
03 0.5375 0.103125 0.02248809523809525 0.041238095238095226
18 0.421875 0.82375 0.01374297752808984 0.01749297752808987
20 0.6681250000000001 0.723125 0.013745098039215642 0.013745098039215753
07 0.32375 0.015625 0.057456896551724146 0.011206896551724138
02 0.36624999999999996 0.235 0.017478448275862035 0.04747844827586209
03 0.408125 0.226875 0.011136363636363611 0.02613636363636368
