13 0.704375 0.205625 0.1037335526315789 0.08373355263157897
12 0.595 0.975625 0.0949916107382549 0.04374161073825489
10 0.03125 0.476875 0.03495689655172414 0.0337068965517241
00 0.29875 0.53125 0.039994444444444444 0.029994444444444435
11 0.15250000000000002 0.6337499999999999 0.03998809523809524 0.03498809523809521
14 0.8374999999999999 0.45375 0.04249297752808989 0.024992977528089877
04 0.666875 0.91 0.046245098039215726 0.03749509803921569
15 0.35562499999999997 0.90625 0.02620689655172409 0.022456896551724226
06 0.105 0.4087446120689655 0.08497844827586207 0.03748922413793104
05 0.913125 0.7518750000000001 0.02113636363636373 0.0486363636363637
