14 0.7925 0.504375 0.027483552631578867 0.023733552631578947
01 0.52875 0.8356250000000001 0.012491610738254999 0.013741610738254972
20 0.90125 0.68875 0.014956896551724164 0.01745689655172411
20 0.364375 0.45999999999999996 0.008744444444444499 0.009994444444444472
01 0.2925 0.38875000000000004 0.014988095238095245 0.012488095238095298
16 0.27625 0.31375 0.019992977528089817 0.034992977528089886
06 0.2912512254901961 0.6043737745098039 0.04249754901960784 0.00624754901960789
04 0.6018749999999999 0.9575 0.018706896551724195 0.014956896551724164
08 0.16875 0.443125 0.009978448275862056 0.016228448275862062
05 0.6325000000000001 0.37875 0.014886363636363531 0.0323863636363636
03 0.9425 0.455625 0.02498579545454538 0.051235795454545485
04 0.5081249999999999 0.820625 0.018719512195121912 0.02121951219512197
01 0.375625 0.95 0.01873214285714281 0.014982142857142833
06 0.61 0.935625 0.049987500000000074 0.043737499999999985
