04 0.06375 0.723125 0.044983552631578945 0.02873355263157884
16 0.315625 0.2925 0.05124161073825506 0.04999161073825503
03 0.438125 0.229375 0.08370689655172414 0.026206896551724146
02 0.0825 0.424375 0.024994444444444458 0.05874444444444449
05 0.42874999999999996 0.90875 0.022488095238095307 0.04748809523809505
02 0.97 0.33999999999999997 0.029992977528089826 0.02249297752808982
20 0.10062499999999999 0.018750000000000003 0.026245098039215695 0.02749509803921569
01 0.603125 0.393125 0.018706896551724084 0.02120689655172414
14 0.64625 0.564375 0.024978448275862153 0.05122844827586204
00 0.22375 0.67125 0.03738636363636366 0.03238636363636371
16 0.159375 0.49187499999999995 0.05123579545454546 0.04123579545454542
