09 0.95 0.715625 0.03498355263157882 0.023733552631578836
08 0.6706270973154362 0.5175 0.04374580536912742 0.03749161073825502
09 0.514375 0.30125 0.046206896551724164 0.057456896551724146
03 0.213125 0.440625 0.028744444444444434 0.03124444444444452
08 0.16125 0.7693749999999999 0.03248809523809526 0.041238095238095185
16 0.23375 0.450625 0.03499297752808986 0.05874297752808988
01 0.08499999999999999 0.184375 0.0324950980392157 0.028745098039215683
19 0.351875 0.54625 0.036206896551724155 0.029956896551724066
11 0.074375 0.888125 0.031228448275862068 0.026228448275862237
01 0.195625 0.68375 0.03363636363636366 0.022386363636363704
14 0.133125 0.850625 0.028735795454545465 0.048735795454545316
20 0.650625 0.42000000000000004 0.023719512195121917 0.022469512195122
11 0.0925 0.4 0.03998214285714287 0.034982142857142795
