02 0.33562499999999995 0.7125 0.04373355263157891 0.03498355263157893
10 0.746875 0.42125 0.026241610738254928 0.01999161073825506
20 0.2125 0.9137500000000001 0.024956896551724117 0.019956896551724168
08 0.153125 0.29 0.04374444444444445 0.03499444444444444
15 0.87625 0.11249999999999999 0.02248809523809514 0.012488095238095229
11 0.08374999999999999 0.8443750000000001 0.0324929775280899 0.03374297752808986
15 0.1512512254901961 0.9425 0.02249754901960785 0.01999509803921562
03 0.1 0.676875 0.034956896551724126 0.07870689655172414
10 0.66625 0.619375 0.03997844827586228 0.04122844827586203
01 0.25 0.65625 0.014886363636363642 0.01738636363636381
18 0.84625 0.770625 0.024985795454545268 0.026235795454545352
01 0.706875 0.975625 0.03121951219512198 0.02121951219512197
