05 0.9825 0.6387499999999999 0.02498355263157892 0.022483552631578863
15 0.8287500000000001 0.320625 0.0274916107382549 0.021241610738255035
03 0.42000000000000004 0.34875 0.019956896551724113 0.014956896551724164
12 0.88625 0.135 0.029994444444444324 0.032494444444444465
03 0.29874999999999996 0.851875 0.029988095238095258 0.028738095238095118
15 0.506875 0.855625 0.023742977528089848 0.016242977528089897
16 0.226875 0.45875 0.03624509803921569 0.027495098039215682
20 0.036250000000000004 0.874375 0.01745689655172414 0.016206896551724137
16 0.5774999999999999 0.79 0.04497844827586206 0.032478448275862215
08 0.92875 0.70875 0.039886363636363775 0.019886363636363757
11 0.619375 0.885 0.031235795454545467 0.02248579545454532
13 0.7175 0.735 0.027469512195121948 0.05496951219512192
19 0.49875 0.5775 0.02998214285714279 0.0374821428571428
06 0.68875 0.17625000000000002 0.01748749999999999 0.017487500000000017
