03 0.49125 0.7949999999999999 0.014983552631578911 0.01748355263157897
09 0.574375 0.878125 0.023741610738255092 0.03374161073825499
00 0.45625000000000004 0.63125 0.03995689655172413 0.03745689655172413
19 0.42 0.46187500000000004 0.03249444444444449 0.028744444444444517
03 0.06937499999999999 0.234375 0.03873809523809523 0.05123809523809528
04 0.5700000000000001 0.7262500000000001 0.04249297752808989 0.03499297752808983
01 0.491875 0.4525 0.021245098039215704 0.022495098039215677
05 0.254375 0.046250000000000006 0.02120689655172414 0.042456896551724146
04 0.199375 0.44937499999999997 0.031228448275862075 0.031228448275862075
14 0.494375 0.6543749999999999 0.04613636363636364 0.02363636363636379
10 0.084375 0.241875 0.018735795454545456 0.02123579545454546
05 0.03375 0.8512500000000001 0.019969512195121948 0.04496951219512202
10 0.4525 0.8512500000000001 0.029982142857142846 0.0274821428571429
20 0.6312500000000001 0.12625 0.027487499999999998 0.022487500000000007
