00 0.71625 0.11125 0.029983552631578925 0.022483552631578946
15 0.38875 0.52375 0.02999161073825507 0.014991610738255057
07 0.438125 0.026875000000000003 0.016206896551724137 0.03370689655172414
08 0.7481263888888889 0.89375 0.038747222222222155 0.022494444444444373
18 0.2 0.12562500000000001 0.017488095238095275 0.021238095238095236
13 0.669375 0.665 0.03374297752808986 0.06999297752808986
14 0.076875 0.649375 0.02124509803921569 0.031245098039215713
13 0.09312499999999999 0.22062500000000002 0.07870689655172414 0.01870689655172411
01 0.08375 0.8356250000000001 0.017478448275862063 0.018728448275862175
06 0.545625 0.8275 0.0686363636363636 0.019886363636363757
