06 0.82375 0.808125 0.012483552631578965 0.01873355263157883
01 0.823125 0.271875 0.011241610738254915 0.011241610738255081
05 0.38375000000000004 0.8612500000000001 0.019956896551724113 0.022456896551724115
13 0.189375 0.1225 0.07874444444444445 0.05499444444444446
00 0.38125 0.3575 0.024988095238095254 0.02248809523809525
01 0.153125 0.7562500000000001 0.011242977528089892 0.012492977528089866
17 0.518125 0.1325 0.021245098039215704 0.02249509803921569
13 0.369375 0.10750000000000001 0.023706896551724144 0.03745689655172414
04 0.55 0.48875 0.01997844827586215 0.02247844827586204
12 0.055 0.743125 0.024886363636363637 0.028636363636363682
19 0.39437500000000003 0.085 0.013735795454545452 0.027485795454545464
