03 0.8549958881578947 0.561875 0.014991776315789407 0.023733552631578947
13 0.440625 0.781875 0.06374161073825502 0.02374161073825487
01 0.890625 0.12000000000000001 0.011206896551724022 0.012456896551724134
14 0.30062500000000003 0.43437499999999996 0.008744444444444388 0.023744444444444512
15 0.82 0.87375 0.017488095238095136 0.019988095238095083
02 0.7000017556179775 0.865625 0.01749648876404497 0.016242977528089897
03 0.18625 0.541875 0.01499509803921567 0.021245098039215593
11 0.97 0.07375 0.024956896551724173 0.024956896551724145
15 0.10375000000000001 0.365625 0.047478448275862076 0.02622844827586207
11 0.5237499999999999 0.8968750000000001 0.02488636363636354 0.026136363636363735
03 0.243125 0.848125 0.02373579545454546 0.013735795454545396
