10 0.44999999999999996 0.775625 0.022483552631578918 0.031233552631578898
19 0.41874999999999996 0.489375 0.012491610738255055 0.021241610738255035
09 0.048125 0.62 0.04870689655172414 0.04745689655172414
03 0.718748611111111 0.22499999999999998 0.017497222222222164 0.04499444444444442
05 0.8124970238095237 0.34125 0.027494047619047612 0.047488095238095274
06 0.30625 0.79375 0.09499297752808983 0.08749297752808982
01 0.22312500000000002 0.29500000000000004 0.03374509803921569 0.02499509803921568
16 0.379375 0.38875 0.03870689655172416 0.057456896551724146
02 0.6425000000000001 0.44375 0.0174784482758622 0.04247844827586206
11 0.29312499999999997 0.9275 0.03613636363636369 0.03738636363636383
20 0.47125 0.33875 0.012485795454545423 0.009985795454545476
