02 0.604375 0.8831249999999999 0.053733552631578974 0.043733552631578854
10 0.20750000000000002 0.35125 0.03749161073825505 0.024991610738255066
12 0.33499999999999996 0.15375 0.044956896551724135 0.044956896551724135
10 0.35562499999999997 0.43562500000000004 0.04124444444444447 0.03374444444444452
13 0.58875 0.11875 0.10248809523809532 0.05998809523809523
12 0.33125 0.246875 0.049992977528089844 0.053742977528089875
15 0.770625 0.485625 0.03374509803921577 0.026245098039215653
18 0.956875 0.16312500000000002 0.026206896551724146 0.02870689655172412
03 0.19437500000000002 0.022500000000000003 0.038728448275862054 0.019978448275862072
09 0.67625 0.180625 0.06238636363636374 0.05613636363636365
