14 0.5125 0.74625 0.029983552631578925 0.057483552631578894
18 0.885 0.904375 0.017491610738254892 0.021241610738254924
11 0.16562500000000002 0.618125 0.026206896551724118 0.028706896551724093
03 0.485 0.0575 0.03249444444444455 0.022494444444444442
12 0.8912500000000001 0.124375 0.06498809523809512 0.04873809523809522
05 0.325 0.718125 0.032492977528089884 0.0312429775280898
15 0.951875 0.8275 0.008745098039215637 0.024995098039215735
14 0.32625000000000004 0.369375 0.024956896551724117 0.0337068965517241
15 0.105625 0.6481250000000001 0.02622844827586207 0.028728448275862184
01 0.059375 0.254375 0.01863636363636364 0.01613636363636367
