05 0.181875 0.72375 0.021233552631578972 0.04248355263157899
15 0.405625 0.7337499999999999 0.02874161073825504 0.04749161073825492
20 0.8025 0.531875 0.019956896551724057 0.01370689655172419
18 0.07625000000000001 0.503125 0.022494444444444442 0.02624444444444457
07 0.45749702380952384 0.8925000000000001 0.029994047619047615 0.019988095238095194
09 0.774375 0.768125 0.04124297752808992 0.026242977528089795
13 0.09437499999999999 0.92375 0.08124509803921567 0.07999509803921567
10 0.325 0.080625 0.032456896551724124 0.028706896551724134
04 0.9737499999999999 0.6268750000000001 0.0174784482758622 0.016228448275862006
14 0.900625 0.954375 0.028636363636363793 0.05863636363636371
