12 0.246875 0.18062500000000004 0.146233552631579 0.06623355263157896
05 0.9325 0.878125 0.04999161073825498 0.07124161073825486
17 0.68625 0.76625 0.05995689655172409 0.057456896551724146
04 0.7418750000000001 0.49 0.05374444444444426 0.05499444444444451
04 0.941875 0.8275 0.0662380952380951 0.037488095238095154
07 0.374375 0.0575 0.053742977528089875 0.0774929775280899
07 0.32437499999999997 0.19187500000000002 0.041245098039215666 0.10124509803921569
02 0.5387500000000001 0.600625 0.1274568965517241 0.1012068965517241
18 0.8218749999999999 0.8374999999999999 0.036228448275862246 0.03747844827586222
06 0.536875 0.840625 0.04863636363636359 0.028636363636363682
06 0.8056285511363637 0.4575 0.15874289772727268 0.022485795454545487
06 0.36312500000000003 0.11125 0.15371951219512198 0.044969512195121936
