14 0.030625000000000006 0.794375 0.041233552631578956 0.043733552631578854
06 0.93875 0.579375 0.022491610738254897 0.0337416107382551
13 0.56625 0.504375 0.06745689655172415 0.06370689655172407
07 0.59125 0.549375 0.06749444444444441 0.0587444444444446
12 0.536875 0.171875 0.07123809523809532 0.07373809523809524
14 0.37124999999999997 0.409375 0.08499297752808982 0.061242977528089826
20 0.81 0.8374999999999999 0.032495098039215686 0.032495098039215686
03 0.24937499999999999 0.7075 0.06620689655172413 0.032456896551724124
07 0.680625 0.234375 0.03372844827586219 0.03372844827586208
10 0.875 0.809375 0.03488636363636366 0.036136363636363744
03 0.289375 0.9225 0.04873579545454543 0.03998579545454528
07 0.565625 0.249375 0.043719512195122046 0.09871951219512198
