03 0.18125000000000002 0.7593749999999999 0.05748355263157898 0.08123355263157894
02 0.051875000000000004 0.30625 0.05874161073825504 0.03999161073825502
08 0.270625 0.1775 0.0337068965517241 0.09245689655172412
12 0.40312499999999996 0.38875000000000004 0.0712444444444445 0.07749444444444448
14 0.1775 0.5956250000000001 0.044988095238095244 0.07123809523809521
20 0.085625 0.38 0.05374297752808989 0.039992977528089835
04 0.07 0.188125 0.057495098039215695 0.0512450980392157
13 0.23625000000000002 0.27749999999999997 0.13245689655172413 0.08745689655172412
04 0.853125 0.71375 0.046228448275862144 0.03747844827586211
06 0.8512784090909091 0.9612499999999999 0.022443181818181945 0.04488636363636378
11 0.7849999999999999 0.238125 0.0649857954545453 0.04373579545454548
04 0.21375 0.7150000000000001 0.04996951219512197 0.03746951219512196
03 0.58125 0.7987500000000001 0.09748214285714285 0.05248214285714281
