12 0.69875 0.53625 0.04248355263157888 0.047483552631578885
06 0.22375 0.65125 0.01749161073825506 0.03749161073825502
14 0.7024999999999999 0.81375 0.04245689655172413 0.06245689655172415
10 0.12375 0.2575 0.019994444444444467 0.017494444444444396
06 0.48750000000000004 0.864375 0.09748809523809526 0.02623809523809517
06 0.63625 0.36375 0.05249297752808979 0.09499297752808983
06 0.705625 0.4125 0.10624509803921567 0.08499509803921573
15 0.703125 0.253125 0.04120689655172405 0.031206896551724123
14 0.41937500000000005 0.16562500000000002 0.021228448275862066 0.05872844827586207
18 0.731875 0.30625 0.02363636363636379 0.027386363636363653
14 0.4575 0.245 0.049985795454545456 0.04248579545454545
01 0.8843749999999999 0.32 0.03621951219512198 0.024969512195122
