07 0.165 0.506875 0.052483552631578945 0.08373355263157889
10 0.14750000000000002 0.046875 0.032491610738255045 0.03124161073825503
14 0.8281142241379311 0.625625 0.08622844827586207 0.03370689655172421
17 0.0325 0.698125 0.03749444444444444 0.04124444444444442
04 0.57875 0.5025 0.03498809523809521 0.03498809523809532
06 0.6168750000000001 0.271875 0.0212429775280899 0.09874297752808986
06 0.56375 0.33499999999999996 0.12499509803921571 0.01749509803921573
14 0.030625000000000003 0.040625 0.04620689655172414 0.03370689655172414
06 0.22249999999999998 0.7975000000000001 0.02497844827586207 0.0174784482758622
16 0.8856250000000001 0.2125 0.036136363636363744 0.05988636363636368
00 0.25 0.519375 0.03498579545454547 0.031235795454545467
20 0.59875 0.24562499999999998 0.022469512195121943 0.018719512195121996
16 0.040624999999999994 0.3675 0.028732142857142852 0.049982142857142864
15 0.83875 0.38625 0.029987500000000056 0.014987499999999987
