20 0.629375 0.13874999999999998 0.026233552631578894 0.019983552631578944
15 0.46562499999999996 0.46499999999999997 0.013741610738255028 0.027491610738255068
18 0.176875 0.840625 0.013706896551724135 0.016206896551724137
14 0.72 0.29625 0.029994444444444324 0.03749444444444444
08 0.89375 0.8474999999999999 0.014988095238095078 0.012488095238095132
16 0.63375 0.835 0.03499297752808983 0.03499297752808983
01 0.64 0.833125 0.02999509803921563 0.028745098039215655
03 0.49063577586206897 0.806875 0.04122844827586203 0.02120689655172414
12 0.46875 0.683125 0.029978448275862046 0.03372844827586219
14 0.076875 0.556875 0.021136363636363634 0.03863636363636358
06 0.133125 0.4825 0.02123579545454546 0.07748579545454548
03 0.16000000000000003 0.905625 0.014969512195121965 0.023719512195121917
03 0.5856250000000001 0.1525 0.026232142857142926 0.02248214285714284
14 0.040624999999999994 0.535625 0.016237499999999995 0.02123750000000002
