16 0.88125 0.736875 0.037483552631578876 0.031233552631578898
03 0.21125 0.3175 0.009991610738255052 0.02999161073825507
14 0.708125 0.599375 0.016206896551724137 0.05620689655172417
01 0.32625000000000004 0.39437500000000003 0.014994444444444477 0.01624444444444445
03 0.398125 0.044375 0.01123809523809527 0.03123809523809523
12 0.56375 0.6168750000000001 0.029992977528089826 0.03124297752808991
20 0.683125 0.401875 0.018745098039215646 0.018745098039215702
04 0.569375 0.24625000000000002 0.028706896551724093 0.027456896551724147
19 0.453125 0.831875 0.018728448275862064 0.03372844827586219
11 0.33375 0.268125 0.024886363636363595 0.018636363636363673
04 0.12125 0.44937499999999997 0.027485795454545478 0.018735795454545456
