18 0.7625 0.1225 0.01748355263157897 0.01998355263157893
11 0.026250000000000002 0.944375 0.029991610738255035 0.02374161073825487
10 0.949375 0.765 0.028706896551724093 0.02745689655172412
04 0.055625 0.049375 0.028744444444444447 0.021244444444444448
18 0.8400000000000001 0.05 0.014988095238095078 0.017488095238095233
10 0.10875 0.50875 0.0199929775280899 0.019992977528089872
11 0.291875 0.1825 0.031245098039215713 0.022495098039215677
04 0.761875 0.18625 0.028706896551724093 0.02995689655172412
15 0.841875 0.181875 0.02372844827586218 0.021228448275862066
11 0.6793750000000001 0.41312499999999996 0.028636363636363682 0.031136363636363573
06 0.6537499999999999 0.659375 0.03498579545454539 0.051235795454545374
11 0.034999999999999996 0.43625 0.024969512195121946 0.022469512195122
03 0.6675 0.28625 0.032482142857142904 0.0374821428571428
14 0.7362500000000001 0.369375 0.047487500000000016 0.028737500000000027
