12 0.583125 0.265 0.04623355263157891 0.044983552631578966
07 0.5950020973154362 0.424375 0.05749580536912757 0.08124161073825509
03 0.09 0.36875 0.034956896551724126 0.034956896551724126
14 0.236875 0.9143749999999999 0.03624444444444441 0.061244444444444324
06 0.199375 0.693125 0.07873809523809527 0.07623809523809522
03 0.906875 0.49374999999999997 0.05624297752808993 0.03499297752808983
20 0.254375 0.065 0.031245098039215657 0.019995098039215682
07 0.026239224137931033 0.04187500000000001 0.03247844827586207 0.04370689655172415
00 0.8925 0.104375 0.042478448275862224 0.036228448275862066
04 0.6556250000000001 0.69 0.03863636363636369 0.029886363636363655
