03 0.2975 0.856875 0.04748355263157894 0.07623355263157883
06 0.47 0.6075 0.06499161073825505 0.03749161073825502
18 0.5562499999999999 0.38375 0.019956896551724168 0.022456896551724115
04 0.10250000000000001 0.48624999999999996 0.017494444444444465 0.01999444444444448
04 0.885 0.7887500000000001 0.02248809523809514 0.024988095238095087
11 0.32999999999999996 0.275625 0.02999297752808988 0.023742977528089848
06 0.7437512254901961 0.494375 0.0524975490196079 0.0162450980392157
03 0.7362500000000001 0.981875 0.02495689655172406 0.03120689655172415
04 0.156875 0.818125 0.02372844827586204 0.021228448275862233
20 0.944375 0.478125 0.026136363636363735 0.018636363636363618
09 0.446875 0.11750000000000001 0.01623579545454551 0.03248579545454547
03 0.359375 0.150625 0.02121951219512197 0.01871951219512194
14 0.108125 0.71625 0.021232142857142866 0.019982142857142837
