06 0.28437500000000004 0.041875 0.03623355263157896 0.018733552631578956
15 0.7631229026845637 0.669375 0.0187458053691274 0.013741610738254972
19 0.7675000000000001 0.08124999999999999 0.014956896551724053 0.02495689655172413
03 0.5393749999999999 0.9906250000000001 0.026244444444444404 0.016244444444444395
06 0.248125 0.204375 0.008738095238095267 0.018738095238095276
20 0.925625 0.168125 0.018742977528089844 0.01624297752808984
15 0.3675 0.313125 0.014995098039215726 0.031245098039215713
06 0.760625 0.2675 0.02120689655172403 0.05995689655172412
20 0.506875 0.393125 0.011228448275862113 0.011228448275862113
12 0.39625 0.161875 0.01988636363636359 0.03863636363636366
07 0.944375 0.5974999999999999 0.01873579545454529 0.0349857954545455
07 0.15000000000000002 0.5531250000000001 0.03996951219512199 0.013719512195122019
03 0.853125 0.051250000000000004 0.01373214285714286 0.014982142857142854
