05 0.328125 0.301875 0.048733552631578914 0.03123355263157901
01 0.6468749999999999 0.58125 0.02374161073825498 0.017491610738255114
18 0.829375 0.795625 0.036206896551724155 0.0387068965517241
14 0.905 0.73 0.027494444444444377 0.03999444444444433
15 0.254375 0.694375 0.018738095238095276 0.04373809523809513
15 0.198125 0.708125 0.08124297752808987 0.05874297752808988
04 0.68125 0.8106249999999999 0.049995098039215646 0.056245098039215624
14 0.75375 0.626875 0.06745689655172415 0.08870689655172415
20 0.44125000000000003 0.66625 0.052478448275862066 0.049978448275862286
08 0.033749999999999995 0.885 0.05488636363636363 0.03238636363636371
10 0.5643750000000001 0.06625 0.02873579545454541 0.03248579545454546
03 0.17250000000000001 0.60125 0.03746951219512196 0.05246951219512197
