06 0.33874588815789475 0.04187500000000001 0.04999177631578949 0.07873355263157897
09 0.16125 0.434375 0.029991610738255042 0.03624161073825505
14 0.5874999999999999 0.328125 0.022456896551724115 0.018706896551724084
15 0.656875 0.271875 0.031244444444444408 0.0562444444444444
12 0.424375 0.405625 0.0462380952380953 0.038738095238095294
04 0.713125 0.06 0.03874297752808986 0.02749297752808988
16 0.753125 0.85625 0.05124509803921573 0.042495098039215695
10 0.5393749999999999 0.981875 0.0337068965517241 0.03120689655172415
07 0.926875 0.39437500000000003 0.01372844827586217 0.04622844827586209
01 0.36125 0.8325 0.01738636363636359 0.01738636363636381
07 0.8025 0.17 0.03248579545454533 0.06498579545454547
07 0.23625000000000002 0.29312499999999997 0.04246951219512199 0.03371951219512198
01 0.35187500000000005 0.3675 0.038732142857142826 0.039982142857142855
06 0.43 0.575 0.012487499999999985 0.11248749999999996
