05 0.720625 0.774375 0.016233552631578885 0.04123355263157891
04 0.6399999999999999 0.043125 0.0274916107382549 0.026241610738255032
09 0.60875 0.825 0.03745689655172413 0.03495689655172407
11 0.7518750000000001 0.13125 0.03624444444444441 0.027494444444444446
06 0.79125 0.224375 0.02998809523809509 0.026238095238095255
03 0.83125 0.351875 0.03749297752808978 0.043742977528089866
20 0.34875 0.8631249999999999 0.014995098039215726 0.011245098039215695
04 0.411875 0.556875 0.028706896551724093 0.026206896551724146
06 0.458125 0.45999999999999996 0.11372844827586204 0.05747844827586207
06 0.10875 0.405625 0.014886363636363642 0.031136363636363573
13 0.506875 0.34125 0.09873579545454547 0.06998579545454542
05 0.44375 0.271875 0.03996951219512196 0.023719512195121972
01 0.88375 0.9875 0.02498214285714284 0.019982142857142837
