18 0.965 0.5562499999999999 0.027483552631578867 0.029983552631578925
14 0.10375000000000001 0.609375 0.05999161073825504 0.018741610738254977
06 0.518125 0.22125 0.04620689655172411 0.09995689655172413
20 0.84125 0.313125 0.037494444444444386 0.031244444444444464
03 0.531875 0.73125 0.031238095238095287 0.06498809523809512
12 0.8443750000000001 0.0875 0.053742977528089875 0.059992977528089894
14 0.333125 0.70625 0.03374509803921566 0.032495098039215686
04 0.67125 0.04000000000000001 0.04745689655172414 0.04495689655172415
20 0.631875 0.986875 0.028728448275862184 0.021228448275862122
11 0.885 0.178125 0.05238636363636373 0.04113636363636364
20 0.78625 0.141875 0.029985795454545272 0.031235795454545467
