14 0.90375 0.106875 0.012483552631578854 0.028733552631578937
09 0.84 0.07187500000000001 0.01999161073825495 0.02874161073825504
14 0.7068749999999999 0.54 0.023706896551724088 0.06245689655172415
15 0.6912486111111111 0.15187499999999998 0.03999722222222213 0.016244444444444478
18 0.276875 0.983125 0.016238095238095274 0.01873809523809511
15 0.520625 0.175 0.0312429775280898 0.02499297752808985
15 0.8925 0.7625 0.004995098039215717 0.022495098039215677
01 0.774375 0.941875 0.02120689655172414 0.016206896551724137
16 0.9043749999999999 0.729375 0.028728448275862184 0.03122844827586224
14 0.61625 0.37875000000000003 0.029886363636363655 0.024886363636363595
02 0.16999999999999998 0.75 0.027485795454545464 0.03998579545454528
15 0.371875 0.9375 0.02121951219512197 0.014969512195121881
19 0.39749999999999996 0.774375 0.02248214285714284 0.03123214285714282
