14 0.425625 0.19187500000000002 0.04123355263157891 0.04123355263157899
03 0.18125 0.8518749999999999 0.01999161073825506 0.03124161073825482
15 0.84875 0.811875 0.03745689655172413 0.03370689655172421
14 0.931875 0.75625 0.04874444444444437 0.022494444444444373
06 0.9650000000000001 0.146875 0.02248809523809514 0.026238095238095227
10 0.411875 0.360625 0.031242977528089855 0.021242977528089846
06 0.1775012254901961 0.083125 0.09499754901960786 0.016245098039215686
01 0.416875 0.6268750000000001 0.028706896551724093 0.028706896551724204
20 0.595 0.16375 0.032478448275862104 0.029978448275862074
04 0.6643749999999999 0.291875 0.03863636363636369 0.033636363636363686
