09 0.951875 0.3625 0.02123355263157889 0.05248355263157889
18 0.133125 0.2225 0.023741610738255037 0.027491610738255068
14 0.955625 0.12687500000000002 0.043706896551724106 0.03620689655172413
05 0.598125 0.26375000000000004 0.016244444444444506 0.042494444444444446
14 0.13374999999999998 0.67875 0.02998809523809523 0.024988095238095087
05 0.2425 0.583125 0.017492977528089843 0.046242977528089924
00 0.54125 0.926875 0.04499509803921575 0.046245098039215726
08 0.238125 0.2675 0.01870689655172414 0.06245689655172415
18 0.87 0.170625 0.022478448275862206 0.02622844827586207
10 0.849375 0.31375 0.028636363636363793 0.029886363636363655
04 0.41937500000000005 0.9368749999999999 0.03373579545454547 0.0337357954545453
03 0.4087576219512195 0.380625 0.019984756097561007 0.023719512195121972
11 0.880625 0.268125 0.03373214285714288 0.026232142857142815
