07 0.60375 0.22062500000000002 0.04248355263157899 0.046233552631578995
18 0.91625 0.042499999999999996 0.01999161073825495 0.02249161073825503
12 0.8075 0.0325 0.024956896551724173 0.03245689655172414
06 0.6125 0.330625 0.01749444444444448 0.023744444444444457
20 0.5662499999999999 0.371875 0.0149880952380953 0.01123809523809527
15 0.6125017556179775 0.961875 0.02749648876404487 0.016242977528089786
01 0.609375 0.525625 0.018745098039215646 0.013745098039215753
10 0.538125 0.455 0.023706896551724088 0.022456896551724115
04 0.888125 0.91875 0.03122844827586213 0.024978448275862264
14 0.6956249999999999 0.15750000000000003 0.026136363636363735 0.04488636363636364
13 0.393125 0.6331249999999999 0.07873579545454545 0.06873579545454545
