18 0.719375 0.2025 0.01873355263157883 0.019983552631579
06 0.10125 0.069375 0.04249161073825504 0.023741610738255037
12 0.06999999999999999 0.8356250000000001 0.02745689655172414 0.0337068965517241
14 0.7737499999999999 0.40437500000000004 0.027494444444444377 0.08124444444444451
06 0.6950000000000001 0.6956249999999999 0.07748809523809508 0.008738095238095211
04 0.561875 0.16812499999999997 0.02124297752808979 0.02874297752808988
18 0.345 0.40812499999999996 0.02499509803921568 0.02874509803921571
14 0.6275 0.9368749999999999 0.05245689655172414 0.02120689655172414
06 0.31062500000000004 0.34625 0.031228448275862075 0.012478448275862086
03 0.40937500000000004 0.244375 0.008636363636363609 0.016136363636363643
03 0.270625 0.900625 0.038735795454545474 0.048735795454545316
07 0.2906326219512195 0.24687499999999998 0.036234756097560994 0.018719512195121968
