03 0.68875 0.886875 0.03248355263157887 0.05873355263157887
14 0.199375 0.39875 0.056241610738255066 0.027491610738255012
18 0.375625 0.723125 0.026206896551724146 0.028706896551724093
18 0.33999999999999997 0.153125 0.024994444444444486 0.02624444444444443
07 0.380625 0.23125 0.08373809523809528 0.04248809523809527
16 0.8787499999999999 0.6325000000000001 0.032492977528089884 0.0524929775280899
12 0.9175 0.190625 0.034995098039215744 0.03874509803921569
08 0.459364224137931 0.775 0.021228448275862066 0.04745689655172414
05 0.021244612068965517 0.811875 0.027489224137931034 0.036228448275862135
00 0.905625 0.171875 0.028636363636363793 0.026136363636363652
07 0.04375 0.948125 0.05248579545454546 0.08123579545454529
00 0.214375 0.609375 0.038719512195121986 0.03871951219512204
04 0.138125 0.3925 0.028732142857142873 0.019982142857142837
