00 0.348125 0.719375 0.04623355263157891 0.0362335526315789
01 0.909375 0.815625 0.02374161073825498 0.018741610738254866
06 0.596875 0.10500000000000001 0.10870689655172405 0.02495689655172413
12 0.806875 0.215625 0.0837444444444444 0.06874444444444441
18 0.5862499999999999 0.635 0.027488095238095256 0.029988095238095203
14 0.5249999999999999 0.12625 0.04249297752808989 0.062492977528089896
15 0.3725 0.856875 0.0474950980392157 0.036245098039215606
18 0.28375 0.92875 0.024956896551724173 0.02745689655172412
07 0.9012553879310344 0.550625 0.06498922413793107 0.03122844827586202
03 0.4319034090909091 0.33875 0.05869318181818178 0.04988636363636362
11 0.79625 0.8400000000000001 0.03498579545454539 0.02248579545454532
10 0.10250000000000001 0.321875 0.04246951219512195 0.04621951219512194
12 0.253125 0.15999999999999998 0.04623214285714283 0.049982142857142836
