03 0.43625 0.66625 0.05748355263157895 0.11748355263157895
13 0.22625 0.281875 0.10999161073825506 0.21124161073825506
11 0.116875 0.089375 0.04370689655172412 0.033706896551724125
11 0.7262500000000001 0.6012500000000001 0.047494444444444395 0.03499444444444444
14 0.311875 0.190625 0.026238095238095283 0.048738095238095275
09 0.87625 0.66875 0.04499297752808984 0.047492977528089786
11 0.416875 0.49 0.05374509803921568 0.03999509803921564
10 0.859375 0.73125 0.03120689655172404 0.032456896551724124
02 0.47125 0.618125 0.057478448275862015 0.11872844827586215
20 0.82375 0.17375000000000002 0.029886363636363766 0.02738636363636368
01 0.76125 0.90625 0.027485795454545325 0.02498579545454538
13 0.095 0.43000000000000005 0.04996951219512194 0.06496951219512198
