00 0.81875 0.97125 0.037483552631578876 0.027483552631578978
14 0.895 0.9199999999999999 0.024991610738254844 0.034991610738254963
12 0.07999999999999999 0.566875 0.07745689655172414 0.046206896551724164
03 0.376875 0.64125 0.016244444444444506 0.06249444444444441
00 0.58125 0.161875 0.02498809523809531 0.026238095238095255
13 0.1575 0.3125 0.012492977528089866 0.04249297752808989
14 0.6837500000000001 0.4175 0.032495098039215686 0.03499509803921569
15 0.231875 0.108125 0.04120689655172413 0.06370689655172414
12 0.911875 0.655 0.05122844827586226 0.04747844827586212
08 0.835028409090909 0.715625 0.039943181818181905 0.06363636363636382
04 0.8031250000000001 0.79125 0.041235795454545365 0.037485795454545334
01 0.8925 0.754375 0.019969512195121997 0.02121951219512197
00 0.675 0.57875 0.049982142857142864 0.04498214285714286
04 0.6375 0.9724999999999999 0.04498750000000007 0.027487499999999998
