01 0.699375 0.665625 0.023733552631578947 0.016233552631578885
02 0.14 0.14750000000000002 0.04249161073825505 0.02749161073825504
11 0.35562499999999997 0.74125 0.03870689655172416 0.029956896551724177
05 0.0325 0.30625 0.04999444444444444 0.022494444444444428
13 0.72 0.058747023809523805 0.062488095238095176 0.07499404761904761
03 0.854375 0.18624999999999997 0.04124297752808981 0.10249297752808986
11 0.6074999999999999 0.8556250000000001 0.03999509803921575 0.03374509803921566
04 0.584375 0.48562500000000003 0.036206896551724155 0.03120689655172415
12 0.041249999999999995 0.931875 0.04747844827586206 0.0487284482758622
12 0.229375 0.208125 0.053636363636363676 0.08863636363636365
09 0.84375 0.4375 0.03998579545454528 0.027485795454545436
11 0.13687500000000002 0.74625 0.05371951219512197 0.039969512195122014
03 0.044375 0.3375 0.05123214285714286 0.062482142857142875
08 0.175625 0.044375000000000005 0.023737500000000022 0.0637375
