14 0.865 0.596875 0.037483552631578876 0.01123355263157888
06 0.45687500000000003 0.53 0.07374161073825508 0.024991610738255066
06 0.0425 0.79375 0.07495689655172415 0.019956896551724168
00 0.46499999999999997 0.17562499999999998 0.02999444444444449 0.02624444444444443
20 0.30374999999999996 0.374375 0.024988095238095254 0.021238095238095278
00 0.6975 0.475625 0.022492977528089764 0.018742977528089844
16 0.44499999999999995 0.620625 0.03499509803921569 0.028745098039215655
07 0.244375 0.760625 0.02120689655172414 0.0387068965517241
12 0.65375 0.25375000000000003 0.049978448275862064 0.03497844827586208
08 0.031875 0.195625 0.038636363636363635 0.021136363636363675
