20 0.525625 0.234375 0.02123355263157889 0.023733552631578947
05 0.915 0.694375 0.017491610738254892 0.038741610738254884
04 0.6287499999999999 0.569375 0.032456896551724124 0.028706896551724093
00 0.544375 0.0625 0.026244444444444404 0.019994444444444447
03 0.08249999999999999 0.27249999999999996 0.02498809523809524 0.03998809523809527
01 0.9275 0.794375 0.014992977528089924 0.016242977528089786
00 0.878125 0.7275 0.031245098039215713 0.022495098039215677
03 0.92125 0.08562499999999999 0.02745689655172412 0.053706896551724136
03 0.8100053879310345 0.719375 0.022489224137931085 0.026228448275862126
01 0.7625 0.974375 0.014886363636363753 0.016136363636363726
03 0.1325 0.309375 0.02248579545454546 0.03623579545454547
19 0.4175 0.271875 0.027469512195122003 0.03121951219512198
