01 0.29875 0.70875 0.01748355263157897 0.012483552631578965
00 0.32125000000000004 0.611875 0.02499161073825501 0.02374161073825498
03 0.941875 0.0575 0.028706896551724093 0.01495689655172415
04 0.39437500000000003 0.51625 0.02624444444444446 0.01749444444444448
02 0.0775 0.889375 0.01998809523809522 0.02623809523809517
03 0.125 0.751875 0.019992977528089886 0.008742977528089835
06 0.76 0.429375 0.017495098039215673 0.04874509803921567
15 0.62375 0.30562500000000004 0.012456896551724106 0.031206896551724095
08 0.1 0.608125 0.017478448275862063 0.011228448275862113
02 0.2775 0.530625 0.04488636363636367 0.018636363636363562
08 0.7793749999999999 0.7275 0.0187357954545454 0.03998579545454539
20 0.079375 0.6343749999999999 0.011219512195121933 0.013719512195122019
