06 0.06999999999999999 0.41125 0.03498355263157895 0.0674835526315789
12 0.629375 0.500625 0.04124161073825505 0.04124161073825511
01 0.350625 0.8687499999999999 0.016206896551724137 0.012456896551724106
14 0.621875 0.083125 0.02124444444444451 0.06624444444444444
01 0.8981250000000001 0.766875 0.031238095238095176 0.023738095238095114
03 0.944375 0.03 0.03374297752808986 0.03749297752808989
10 0.290625 0.5606249999999999 0.023745098039215706 0.021245098039215704
20 0.5675 0.8674999999999999 0.019956896551724057 0.019956896551724168
18 0.08 0.07375 0.012478448275862059 0.01497844827586206
04 0.17 0.49625 0.019886363636363646 0.019886363636363646
03 0.825 0.6875 0.017485795454545316 0.04748579545454534
