13 0.58375 0.415625 0.04498355263157894 0.1487335526315789
13 0.38875 0.639375 0.08249161073825506 0.08374161073825503
18 0.98125 0.80375 0.019956896551724168 0.022456896551724115
10 0.139375 0.64625 0.02624444444444446 0.022494444444444373
11 0.82875 0.42875 0.03498809523809521 0.027488095238095256
09 0.265 0.14687499999999998 0.04249297752808984 0.031242977528089882
03 0.595 0.035625000000000004 0.022495098039215677 0.026245098039215684
02 0.645 0.894375 0.02745689655172412 0.036206896551724155
17 0.353125 0.826875 0.03622844827586208 0.036228448275862246
00 0.149375 0.424375 0.04113636363636364 0.03113636363636363
09 0.8525 0.921875 0.024985795454545268 0.033735795454545414
