13 0.5231250000000001 0.174375 0.02123355263157889 0.13873355263157897
15 0.49687499999999996 0.714375 0.016241610738254975 0.021241610738254924
07 0.38625 0.24875 0.02745689655172412 0.02995689655172412
00 0.485625 0.128125 0.023744444444444512 0.01874444444444448
10 0.844375 0.5418750000000001 0.021238095238095056 0.016238095238095274
08 0.625625 0.34625 0.026242977528089906 0.012492977528089866
09 0.6475 0.26125 0.03999509803921575 0.03499509803921569
12 0.56375 0.555625 0.022456896551724115 0.053706896551724115
14 0.314375 0.259375 0.028728448275862073 0.016228448275862062
14 0.48625 0.498125 0.01738636363636359 0.02113636363636362
08 0.1375 0.13 0.042485795454545464 0.019985795454545485
08 0.9156249999999999 0.3043673780487805 0.013719512195122019 0.016234756097560976
03 0.18 0.583125 0.01248214285714283 0.04873214285714278
