16 0.13874999999999998 0.349375 0.014983552631578939 0.026233552631578894
03 0.62375 0.2725 0.007491610738254995 0.01999161073825506
10 0.4075 0.138125 0.017456896551724166 0.02120689655172414
16 0.46625 0.895625 0.014994444444444532 0.026244444444444293
15 0.25125 0.105625 0.024988095238095254 0.036238095238095236
13 0.07500000000000001 0.801875 0.02249297752808989 0.05124297752808982
03 0.713125 0.5549999999999999 0.013745098039215753 0.02999509803921574
03 0.29375 0.128125 0.012456896551724106 0.03870689655172413
04 0.9199999999999999 0.780625 0.0174784482758622 0.018728448275862286
07 0.414375 0.69875 0.016136363636363615 0.03238636363636371
15 0.42000000000000004 0.5762499999999999 0.012485795454545479 0.022485795454545543
11 0.171875 0.021875 0.026219512195121947 0.018719512195121954
18 0.8025 0.71125 0.012482142857142886 0.014982142857142833
