09 0.569375 0.483125 0.016233552631578885 0.038733552631578905
04 0.93125 0.15187499999999998 0.022491610738254897 0.021241610738255062
20 0.209375 0.875 0.023706896551724144 0.019956896551724057
20 0.35062499999999996 0.186875 0.023744444444444512 0.021244444444444427
06 0.90125 0.72125 0.04748809523809516 0.054988095238095114
06 0.526875 0.45375 0.018742977528089844 0.05999297752808985
11 0.09875 0.28437500000000004 0.01999509803921569 0.018745098039215702
13 0.555625 0.525625 0.018706896551724195 0.046206896551724164
12 0.9325 0.046875 0.01997844827586226 0.021228448275862066
12 0.7618750000000001 0.0475 0.02363636363636379 0.027386363636363632
04 0.5 0.7225 0.029985795454545494 0.027485795454545325
12 0.2887423780487805 0.035625 0.03748475609756097 0.031219512195121948
