10 0.119375 0.17375 0.03373355263157893 0.01998355263157897
00 0.595 0.046875 0.024991610738255066 0.018741610738255032
03 0.1725 0.62625 0.02995689655172415 0.01745689655172411
15 0.344375 0.514375 0.013744444444444504 0.053744444444444484
07 0.794375 0.165 0.07123809523809521 0.09498809523809526
20 0.30625 0.750625 0.02999297752808988 0.02124297752808979
06 0.5387500000000001 0.21687499999999998 0.04499509803921564 0.07874509803921567
03 0.584375 0.6956249999999999 0.008706896551724075 0.036206896551724044
03 0.16500538793103448 0.51 0.017489224137931025 0.029978448275862046
00 0.8525 0.21687499999999998 0.024886363636363762 0.02363636363636365
06 0.6956249999999999 0.76 0.008735795454545392 0.07748579545454537
