15 0.8300000000000001 0.055 0.019983552631578916 0.03998355263157895
00 0.138125 0.765 0.043741610738255055 0.042491610738254915
10 0.73125 0.095 0.03495689655172407 0.03245689655172414
13 0.498125 0.40125 0.05624444444444443 0.07249444444444453
03 0.79375 0.619375 0.03998809523809521 0.058738095238095256
01 0.41500000000000004 0.6893750000000001 0.02249297752808982 0.0212429775280899
14 0.06625 0.22999999999999998 0.022495098039215684 0.024995098039215707
03 0.041249999999999995 0.073125 0.059956896551724134 0.03370689655172413
13 0.4625 0.14375 0.18497844827586207 0.07247844827586206
11 0.95375 0.88 0.04238636363636372 0.022386363636363704
04 0.576875 0.20750000000000002 0.031235795454545467 0.029985795454545466
06 0.7268749999999999 0.136875 0.06371951219512206 0.08871951219512196
