06 0.60375 0.57125 0.02498355263157892 0.0624835526315789
04 0.608125 0.5125 0.023741610738255092 0.017491610738255114
14 0.755 0.435 0.019956896551724057 0.04495689655172408
18 0.393125 0.109375 0.013744444444444448 0.01624444444444445
07 0.8262499999999999 0.033125 0.019988095238095194 0.023738095238095232
00 0.720625 0.4 0.018742977528089844 0.019992977528089872
14 0.870625 0.021249999999999998 0.021245098039215704 0.017495098039215687
06 0.576875 0.450625 0.008706896551724075 0.09370689655172415
11 0.750625 0.011875 0.03372844827586219 0.02122844827586207
11 0.51875 0.174375 0.02488636363636354 0.021136363636363675
01 0.375 0.715625 0.012485795454545423 0.016235795454545343
