14 0.9225 0.030000000000000002 0.03998355263157882 0.024983552631578955
14 0.164375 0.84875 0.03624161073825505 0.024991610738254844
04 0.921875 0.826875 0.036206896551724155 0.0337068965517241
12 0.16749999999999998 0.596875 0.03499444444444444 0.07124444444444455
04 0.176875 0.35125 0.028738095238095285 0.017488095238095247
04 0.823125 0.750625 0.036242977528089915 0.0312429775280898
18 0.753125 0.84375 0.021245098039215704 0.024995098039215735
10 0.613125 0.266875 0.028706896551724093 0.028706896551724148
01 0.879375 0.149375 0.018728448275862175 0.01372844827586206
09 0.895625 0.6637500000000001 0.033636363636363686 0.032386363636363824
11 0.83875 0.575 0.03498579545454539 0.02498579545454549
11 0.290625 0.3625 0.03121951219512198 0.024969512195122
00 0.619375 0.7168749999999999 0.03123214285714282 0.033732142857142766
