01 0.015 0.46375 0.014983552631578946 0.017483552631578858
11 0.39437500000000003 0.955 0.026241610738255094 0.022491610738254897
06 0.549375 0.03375 0.02120689655172414 0.024956896551724145
13 0.909375 0.47562499999999996 0.02874444444444435 0.048744444444444535
01 0.438125 0.421875 0.021238095238095278 0.021238095238095278
08 0.1325 0.734375 0.04249297752808989 0.016242977528089897
08 0.31062500000000004 0.278125 0.02874509803921571 0.0162450980392157
20 0.164375 0.943125 0.016206896551724137 0.018706896551724084
14 0.6368750000000001 0.811875 0.03872844827586219 0.02372844827586218
01 0.91125 0.37812500000000004 0.012386363636363695 0.013636363636363613
