08 0.235 0.915 0.024983552631578948 0.05998355263157895
00 0.33687500000000004 0.705625 0.03874161073825505 0.03374161073825499
12 0.605625 0.8374999999999999 0.0387068965517241 0.0749568965517241
07 0.235 0.14125 0.019994444444444426 0.057494444444444445
11 0.4825 0.625 0.03248809523809526 0.03998809523809521
10 0.885625 0.42874999999999996 0.028742977528089853 0.019992977528089872
13 0.3425 0.33125000000000004 0.0449950980392157 0.09749509803921569
13 0.5874999999999999 0.56375 0.0749568965517241 0.0699568965517241
10 0.48875 0.35124999999999995 0.04247844827586206 0.03747844827586205
13 0.1275 0.81375 0.032386363636363616 0.0798863636363637
