03 0.478125 0.846875 0.04373355263157891 0.02123355263157889
03 0.87625 0.949375 0.0074916107382548836 0.02374161073825487
13 0.890625 0.761875 0.07620689655172419 0.06870689655172413
18 0.509375 0.880625 0.018744444444444452 0.0212444444444444
09 0.161875 0.6643749999999999 0.04373809523809527 0.03623809523809507
03 0.8312517556179775 0.665625 0.01999648876404503 0.018742977528089844
06 0.366875 0.538125 0.02374509803921565 0.021245098039215704
01 0.271875 0.36125 0.0362068965517241 0.032456896551724124
03 0.104375 0.064375 0.03872844827586207 0.03372844827586206
14 0.821875 0.53375 0.018636363636363784 0.03488636363636355
04 0.6225 0.9475 0.029985795454545383 0.027485795454545325
12 0.838125 0.81125 0.05621951219512189 0.039969512195122014
05 0.9293750000000001 0.8525 0.016232142857142917 0.039982142857142855
