01 0.9256249999999999 0.74875 0.018733552631578942 0.014983552631578911
12 0.39625 0.895 0.034991610738255075 0.0274916107382549
12 0.79 0.69375 0.03745689655172413 0.029956896551724066
12 0.229375 0.66375 0.02374444444444443 0.04999444444444445
13 0.37125 0.370625 0.10498809523809527 0.07623809523809527
14 0.04625 0.8725 0.009992977528089891 0.03749297752808978
05 0.51625 0.82125 0.024995098039215735 0.03499509803921563
11 0.8075 0.611875 0.02745689655172412 0.0337068965517241
10 0.316875 0.8318749999999999 0.03372844827586208 0.026228448275862237
10 0.340625 0.565 0.02863636363636357 0.02488636363636354
14 0.12875 0.76125 0.03498579545454546 0.03998579545454528
03 0.729375 0.83125 0.013719512195121908 0.019969512195121997
