14 0.61625 0.434375 0.039983552631578934 0.0362335526315789
01 0.611875 0.884375 0.018741610738255088 0.013741610738254861
13 0.311875 0.18625 0.04870689655172411 0.09495689655172412
11 0.89 0.94625 0.03499444444444433 0.027494444444444377
06 0.32437499999999997 0.818125 0.07623809523809527 0.05373809523809514
20 0.459375 0.803125 0.023742977528089848 0.016242977528089897
12 0.76875 0.233125 0.03499509803921563 0.06624509803921569
10 0.12375 0.875 0.034956896551724126 0.03745689655172413
11 0.184375 0.7581249999999999 0.031228448275862047 0.02372844827586229
06 0.651875 0.754375 0.10863636363636375 0.043636363636363695
10 0.9675 0.7250000000000001 0.027485795454545325 0.02248579545454532
