06 0.411875 0.390625 0.11873355263157892 0.07623355263157894
11 0.67125 0.318125 0.032491610738254906 0.02624161073825504
12 0.9725 0.326875 0.04745689655172414 0.05370689655172417
04 0.924375 0.2975 0.033744444444444355 0.03249444444444444
06 0.5399970238095237 0.210625 0.027494047619047612 0.09623809523809526
19 0.87375 0.11624999999999999 0.029992977528089826 0.02749297752808988
15 0.23125 0.489375 0.029995098039215712 0.02624509803921571
16 0.314375 0.80375 0.04870689655172411 0.039956896551724186
02 0.88125 0.3325 0.02997844827586227 0.03247844827586205
08 0.505 0.09937499999999999 0.052386363636363564 0.021136363636363634
05 0.454375 0.6799999999999999 0.02373579545454546 0.029985795454545383
14 0.7818750000000001 0.6287499999999999 0.026219512195121975 0.04496951219512202
11 0.8025 0.170625 0.02748214285714279 0.02123214285714281
