14 0.2275 0.91625 0.027483552631578978 0.027483552631578867
02 0.7975 0.819375 0.06749161073825483 0.03374161073825488
12 0.610625 0.458125 0.046206896551724164 0.046206896551724164
03 0.893125 0.865 0.05374444444444426 0.03249444444444438
06 0.68125 0.11 0.07998809523809514 0.024988095238095226
09 0.318125 0.7262500000000001 0.03874297752808986 0.05499297752808985
17 0.50125 0.4325 0.03499509803921569 0.03499509803921569
20 0.54625 0.36812500000000004 0.029956896551724066 0.02620689655172409
02 0.754375 0.09875 0.07372844827586222 0.07497844827586206
18 0.890625 0.963125 0.02113636363636373 0.023636363636363678
14 0.26875 0.48687499999999995 0.02498579545454549 0.06123579545454544
20 0.795625 0.5856250000000001 0.03121951219512198 0.02871951219512192
