13 0.6487499999999999 0.12625 0.11248355263157894 0.05998355263157895
12 0.47187500000000004 0.963125 0.08124161073825503 0.046241610738254835
11 0.86375 0.48187500000000005 0.049956896551724084 0.03870689655172416
08 0.47625 0.35562499999999997 0.06249444444444452 0.023744444444444512
00 0.410625 0.759375 0.056238095238095254 0.05123809523809508
07 0.8743749999999999 0.27375 0.07624297752808984 0.09999297752808986
09 0.076875 0.620625 0.04374509803921569 0.05374509803921568
20 0.58875 0.3075 0.01745689655172411 0.014956896551724164
15 0.09125 0.68375 0.05497844827586207 0.0749784482758622
03 0.186875 0.92625 0.08363636363636365 0.06488636363636369
00 0.468125 0.735625 0.04873579545454548 0.031235795454545356
20 0.166875 0.776875 0.03871951219512196 0.026219512195121975
01 0.225625 0.9606250000000001 0.03373214285714282 0.026232142857142926
01 0.885 0.2625 0.05498749999999997 0.05248750000000002
