04 0.35187500000000005 0.34187500000000004 0.02373355263157889 0.028733552631578896
11 0.114375 0.6275 0.033741610738255046 0.032491610738254906
04 0.693125 0.9075 0.036206896551724155 0.019956896551724168
04 0.830625 0.416875 0.03874444444444436 0.036244444444444524
14 0.640625 0.7150000000000001 0.02623809523809517 0.06498809523809512
14 0.193125 0.24625000000000002 0.011242977528089865 0.04499297752808987
14 0.6087499999999999 0.18312499999999998 0.042495098039215695 0.016245098039215672
05 0.41874999999999996 0.9293750000000001 0.019956896551724113 0.04120689655172416
15 0.8374999999999999 0.4325 0.049978448275862175 0.022478448275862095
09 0.07875 0.913125 0.01238636363636364 0.04113636363636375
