14 0.854375 0.271875 0.02873355263157884 0.091233552631579
03 0.415 0.5606249999999999 0.06749161073825505 0.05374161073825501
06 0.42000000000000004 0.89125 0.10245689655172413 0.04745689655172414
15 0.6343749999999999 0.396875 0.053744444444444484 0.023744444444444512
04 0.6174999999999999 0.838125 0.029988095238095203 0.03873809523809513
09 0.186875 0.910625 0.038742977528089834 0.0312429775280898
04 0.625 0.899375 0.042495098039215584 0.031245098039215713
20 0.268125 0.128125 0.016206896551724137 0.011206896551724119
14 0.245625 0.2475 0.016228448275862062 0.03497844827586205
03 0.7818750000000001 0.6699999999999999 0.026136363636363735 0.05488636363636379
