09 0.9512499999999999 0.036250000000000004 0.03248355263157887 0.062483552631578954
01 0.14375 0.701875 0.03749161073825505 0.031241610738254932
11 0.6425000000000001 0.788125 0.03495689655172407 0.0387068965517241
01 0.69625 0.103125 0.017494444444444368 0.013744444444444462
03 0.19562202380952382 0.6493749999999999 0.061244047619047615 0.03623809523809518
13 0.246875 0.3 0.051242977528089845 0.02499297752808982
14 0.409375 0.765625 0.031245098039215713 0.02624509803921571
15 0.1875 0.285625 0.03745689655172413 0.03370689655172415
07 0.3993803879310345 0.6125 0.03123922413793101 0.037478448275862
12 0.100625 0.115625 0.06613636363636363 0.04363636363636364
10 0.49750000000000005 0.971875 0.052485795454545514 0.0187357954545454
