00 0.2975 0.776875 0.04248355263157899 0.02873355263157884
18 0.6737500000000001 0.057499999999999996 0.01999161073825484 0.02249161073825503
15 0.753125 0.47875 0.05120689655172417 0.04245689655172413
18 0.0625 0.7575000000000001 0.02249444444444445 0.02499444444444443
01 0.724375 0.16625 0.021238095238095056 0.02248809523809525
20 0.6074999999999999 0.76625 0.03749297752808978 0.024992977528089932
04 0.039375 0.30000000000000004 0.018745098039215684 0.019995098039215675
14 0.15625 0.6031249999999999 0.014956896551724108 0.043706896551724106
04 0.12 0.7025 0.029978448275862046 0.02997844827586227
12 0.499375 0.0975 0.03863636363636358 0.054886363636363636
03 0.12562500000000001 0.25625 0.021235795454545472 0.027485795454545492
10 0.891875 0.400625 0.028719512195122032 0.026219512195121975
07 0.701875 0.25875000000000004 0.028732142857142873 0.03248214285714285
20 0.605 0.791875 0.019987500000000047 0.018737500000000074
