03 0.129375 0.2575 0.03123355263157894 0.06498355263157898
10 0.625 0.436875 0.03249161073825502 0.021241610738255035
04 0.285625 0.24 0.03370689655172415 0.02745689655172412
06 0.54 0.801875 0.009994444444444528 0.07374444444444439
00 0.651875 0.850625 0.02623809523809517 0.028738095238095118
13 0.7406250000000001 0.62375 0.04624297752808981 0.04499297752808984
00 0.32999999999999996 0.5587500000000001 0.03499509803921569 0.02999509803921574
02 0.46625000000000005 0.838125 0.034956896551724126 0.03370689655172421
10 0.8975 0.869375 0.02747844827586221 0.021228448275862233
03 0.5137499999999999 0.14 0.022386363636363593 0.03488636363636363
