06 0.329375 0.103125 0.061233552631578925 0.011233552631578936
06 0.20625 0.110625 0.024991610738255038 0.031241610738255043
03 0.7581249999999999 0.6475 0.0337068965517241 0.03495689655172407
12 0.958125 0.22875 0.0212444444444444 0.039994444444444416
03 0.150625 0.119375 0.016238095238095246 0.05873809523809523
04 0.649375 0.25375 0.0212429775280899 0.017492977528089843
16 0.904375 0.919375 0.0162450980392157 0.036245098039215606
19 0.885625 0.5843750000000001 0.01370689655172419 0.02120689655172414
03 0.7975 0.15375 0.01997844827586226 0.019978448275862065
03 0.5449999999999999 0.486875 0.014886363636363531 0.008636363636363553
13 0.571875 0.058750000000000004 0.07373579545454545 0.029985795454545452
16 0.02375 0.486875 0.022469512195121957 0.02121951219512197
13 0.745 0.605 0.029982142857142735 0.039982142857142855
12 0.559375 0.7268749999999999 0.02123750000000002 0.023737500000000078
