08 0.62625 0.404375 0.04998355263157894 0.02123355263157889
06 0.9512499999999999 0.36312500000000003 0.06749161073825494 0.033741610738255046
09 0.20750000000000002 0.4925 0.024956896551724145 0.022456896551724115
01 0.021875 0.7825 0.016244444444444443 0.01499444444444431
03 0.9025000000000001 0.31937499999999996 0.024988095238095087 0.056238095238095254
02 0.47125 0.694375 0.01749297752808987 0.023742977528089848
11 0.37375 0.16125 0.022495098039215733 0.022495098039215677
02 0.236875 0.28 0.036206896551724155 0.07745689655172411
01 0.47062499999999996 0.38 0.02622844827586207 0.024978448275862042
20 0.7675000000000001 0.62125 0.014886363636363753 0.014886363636363642
03 0.26 0.591875 0.04748579545454548 0.041235795454545476
20 0.588125 0.4675 0.026219512195121975 0.01996951219512194
18 0.255 0.665 0.014982142857142833 0.01748214285714289
12 0.218125 0.776875 0.04123750000000001 0.0587375
