13 0.179375 0.31875 0.05123355263157897 0.09498355263157898
15 0.9237500000000001 0.591875 0.034991610738254963 0.01624161073825503
06 0.37187499999999996 0.58875 0.028706896551724148 0.024956896551724173
08 0.9175013888888889 0.7637499999999999 0.03249722222222218 0.037494444444444386
03 0.1675 0.791875 0.017488095238095247 0.031238095238095065
06 0.37875000000000003 0.6100000000000001 0.02999297752808988 0.09749297752808983
10 0.14937499999999998 0.548125 0.028745098039215683 0.02374509803921565
19 0.144375 0.5875 0.023706896551724144 0.03495689655172418
02 0.075625 0.43125 0.03872844827586207 0.039978448275862055
15 0.59375 0.015625 0.019886363636363535 0.013636363636363634
17 0.8825000000000001 0.41500000000000004 0.04248579545454534 0.03498579545454544
