20 0.08374999999999999 0.725625 0.03498355263157894 0.026233552631578894
06 0.7462500000000001 0.569375 0.034991610738254963 0.02374161073825498
13 0.453125 0.36812500000000004 0.07120689655172407 0.05620689655172412
01 0.454375 0.9568749999999999 0.04124444444444447 0.03624444444444441
03 0.033125 0.7875000000000001 0.033738095238095234 0.02248809523809514
03 0.5525 0.901875 0.06999297752808986 0.12874297752808983
19 0.9450000000000001 0.8325 0.022495098039215677 0.042495098039215695
11 0.91875 0.93625 0.02745689655172412 0.03745689655172413
20 0.378125 0.8075 0.03872844827586208 0.03497844827586216
07 0.49312500000000004 0.213125 0.05863636363636365 0.026136363636363652
20 0.930625 0.32499999999999996 0.01873579545454529 0.012485795454545479
