08 0.7343708881578948 0.925 0.03374177631578945 0.022483552631578863
04 0.5700000000000001 0.12687500000000002 0.034991610738254963 0.023741610738255065
14 0.45125000000000004 0.053125000000000006 0.034956896551724126 0.04120689655172414
00 0.79125 0.924375 0.037494444444444275 0.023744444444444457
03 0.04875 0.120625 0.017488095238095233 0.053738095238095224
20 0.058125 0.9375 0.021242977528089887 0.022492977528089764
10 0.5575 0.27625 0.034995098039215744 0.029995098039215684
18 0.434375 0.766875 0.02120689655172414 0.023706896551724088
11 0.12687500000000002 0.4825 0.038728448275862054 0.037478448275862
10 0.8981250000000001 0.108125 0.026136363636363735 0.021136363636363634
20 0.47187500000000004 0.065 0.013735795454545452 0.01248579545454545
