03 0.81875 0.59 0.047483552631578885 0.04498355263157894
09 0.366875 0.45125000000000004 0.05124161073825506 0.03249161073825507
04 0.551875 0.54 0.028706896551724093 0.02495689655172406
00 0.033125 0.1475 0.02874444444444444 0.029994444444444435
04 0.878125 0.84625 0.023738095238095114 0.017488095238095025
18 0.960625 0.884375 0.018742977528089844 0.02124297752808979
10 0.310625 0.878125 0.02624509803921571 0.018745098039215757
08 0.468125 0.90125 0.041206896551724104 0.009956896551724048
15 0.6012500000000001 0.725 0.047478448275862006 0.032478448275862215
08 0.31815340909090906 0.170625 0.028693181818181868 0.018636363636363673
18 0.96375 0.38375000000000004 0.01498579545454537 0.017485795454545483
12 0.040624999999999994 0.7193750000000001 0.028719512195121946 0.03621951219512198
