06 0.219375 0.503125 0.011233552631578964 0.02123355263157889
20 0.21687499999999998 0.28874999999999995 0.01874161073825506 0.01749161073825506
13 0.405625 0.12687500000000002 0.02120689655172414 0.043706896551724134
18 0.49375 0.03 0.014994444444444532 0.017494444444444448
18 0.936875 0.9668749999999999 0.01873809523809511 0.021238095238095167
18 0.170625 0.059375 0.01624297752808984 0.018742977528089892
20 0.53 0.8674999999999999 0.01999509803921573 0.014995098039215615
07 0.605625 0.956875 0.06870689655172413 0.016206896551724137
00 0.03937499999999999 0.5125 0.031228448275862068 0.032478448275862104
12 0.026875 0.414375 0.031136363636363636 0.04863636363636359
19 0.175625 0.03375 0.02123579545454546 0.022485795454545453
10 0.5543750000000001 0.43625 0.018719512195121912 0.01996951219512194
