14 0.179375 0.241875 0.053733552631578974 0.036233552631579014
20 0.45499999999999996 0.774375 0.027491610738255068 0.02374161073825487
04 0.10625000000000001 0.07874999999999999 0.02495689655172413 0.02245689655172413
04 0.254375 0.239375 0.02624444444444443 0.031244444444444408
20 0.804375 0.13874999999999998 0.028738095238095118 0.027488095238095228
08 0.75875 0.013123244382022472 0.012492977528089866 0.026246488764044944
02 0.393125 0.904375 0.0162450980392157 0.038745098039215664
13 0.14125 0.330625 0.16745689655172413 0.1687068965517241
13 0.809375 0.40875 0.09372844827586213 0.06247844827586202
04 0.494375 0.923125 0.031136363636363573 0.02363636363636379
01 0.16 0.2475 0.019985795454545485 0.017485795454545455
