10 0.026875000000000003 0.39937500000000004 0.031233552631578954 0.0337335526315789
01 0.61125 0.1175 0.024991610738255066 0.019991610738255047
03 0.8162499999999999 0.394375 0.019956896551724168 0.06370689655172412
03 0.31312500000000004 0.8225 0.023744444444444457 0.03499444444444433
14 0.29125 0.575625 0.017488095238095247 0.043738095238095354
01 0.7506250000000001 0.224375 0.03374297752808986 0.03624297752808986
08 0.879375 0.519375 0.04124509803921572 0.03624509803921572
03 0.370625 0.419375 0.031206896551724095 0.0387068965517241
08 0.06625 0.473125 0.022478448275862067 0.066228448275862
04 0.5 0.9125000000000001 0.034886363636363604 0.03488636363636377
05 0.33437144886363634 0.83875 0.031242897727272734 0.044985795454545396
07 0.825 0.218125 0.05996951219512192 0.013719512195121991
