12 0.228125 0.156875 0.03873355263157896 0.05623355263157895
11 0.65625 0.819375 0.02999161073825496 0.01624161073825492
06 0.35125 0.13186422413793103 0.05245689655172414 0.018728448275862064
15 0.0925 0.28500000000000003 0.01249444444444446 0.022494444444444428
09 0.8274999999999999 0.25312500000000004 0.02248809523809514 0.028738095238095285
15 0.8125 0.02875 0.024992977528089932 0.014992977528089889
14 0.059375 0.9624999999999999 0.021245098039215697 0.032495098039215686
08 0.025625000000000002 0.715625 0.013706896551724138 0.04620689655172405
10 0.025625000000000002 0.052500000000000005 0.018728448275862068 0.014978448275862068
00 0.046875 0.515625 0.023636363636363636 0.02113636363636351
13 0.6381249999999999 0.8087500000000001 0.02123579545454546 0.062485795454545356
