09 0.08875 0.46375 0.029983552631578952 0.03498355263157893
03 0.95375 0.144375 0.022491610738254897 0.023741610738255037
04 0.47125 0.62 0.012456896551724106 0.014956896551724164
05 0.41125 0.36312500000000003 0.027494444444444488 0.023744444444444512
08 0.871875 0.73 0.01873809523809511 0.019988095238095083
07 0.636875 0.8537482443820225 0.0787429775280899 0.04499648876404483
11 0.244375 0.421875 0.018745098039215674 0.0162450980392157
14 0.401875 0.43125 0.011206896551724133 0.034956896551724126
10 0.88625 0.8143750000000001 0.01997844827586226 0.018728448275862175
13 0.8731249999999999 0.20500000000000002 0.0336363636363638 0.09988636363636363
11 0.72875 0.08687500000000001 0.017485795454545316 0.016235795454545454
