03 0.735625 0.725625 0.0362335526315789 0.026233552631578894
01 0.511875 0.0975 0.02624161073825504 0.017491610738255045
03 0.89375 0.203125 0.05495689655172409 0.03120689655172415
13 0.2625 0.27875 0.062494444444444436 0.03249444444444438
04 0.150625 0.0725 0.04373809523809524 0.02998809523809523
04 0.80125 0.919375 0.04499297752808984 0.03874297752808975
03 0.315625 0.30562500000000004 0.04124509803921572 0.04624509803921567
03 0.10625000000000001 0.438125 0.027456896551724133 0.06120689655172412
03 0.2175 0.135625 0.039978448275862055 0.03122844827586206
05 0.428125 0.39437500000000003 0.046136363636363587 0.03613636363636358
14 0.33 0.611875 0.08248579545454549 0.016235795454545454
13 0.21812499999999999 0.31062500000000004 0.06621951219512195 0.10621951219512199
