14 0.416875 0.042499999999999996 0.016233552631578885 0.06248355263157895
09 0.843125 0.1725 0.06124161073825496 0.08499161073825504
03 0.961875 0.774375 0.016206896551724137 0.04870689655172411
00 0.29312499999999997 0.345 0.021244444444444455 0.014994444444444477
18 0.32875 0.455625 0.027488095238095256 0.031238095238095287
08 0.170625 0.7693749999999999 0.05624297752808988 0.10874297752808981
16 0.47875 0.683125 0.05249509803921565 0.038745098039215664
04 0.236875 0.5725 0.03120689655172415 0.039956896551724075
12 0.428125 0.7675000000000001 0.04372844827586203 0.04747844827586223
04 0.33625 0.665 0.03488636363636366 0.029886363636363766
12 0.390625 0.556875 0.0662357954545455 0.07873579545454545
04 0.108125 0.199375 0.03121951219512195 0.03621951219512198
04 0.9225 0.615625 0.04248214285714291 0.03373214285714288
