13 0.399375 0.37875000000000003 0.02123355263157889 0.042483552631578936
09 0.961875 0.69875 0.021241610738254924 0.032491610738254906
19 0.48 0.675625 0.009956896551724104 0.016206896551724137
02 0.6599999999999999 0.10187500000000001 0.0424944444444445 0.04624444444444445
04 0.909375 0.75125 0.028738095238095118 0.02248809523809514
11 0.7150000000000001 0.9412499999999999 0.03499297752808983 0.022492977528089875
12 0.22 0.5293749999999999 0.042495098039215695 0.04374509803921567
01 0.7875 0.850625 0.024956896551724173 0.02120689655172414
11 0.7506250000000001 0.766875 0.03872844827586219 0.026228448275862237
17 0.35562499999999997 0.90125 0.03363636363636363 0.039886363636363775
06 0.605 0.084375 0.05748579545454546 0.07123579545454545
