13 0.588125 0.558125 0.04873355263157886 0.0887335526315789
06 0.46562499999999996 0.295625 0.013741610738255028 0.018741610738255032
11 0.635625 0.038125000000000006 0.026206896551724146 0.02620689655172414
03 0.085625 0.9437500000000001 0.018744444444444452 0.017494444444444368
13 0.430625 0.14375000000000002 0.026238095238095283 0.08998809523809526
09 0.656875 0.071875 0.028742977528089853 0.018742977528089885
03 0.688125 0.19937500000000002 0.013745098039215753 0.041245098039215694
04 0.93125 0.891875 0.024956896551724173 0.023706896551724088
03 0.42562500000000003 0.520625 0.016228448275862062 0.026228448275862126
03 0.02375 0.385 0.03488636363636363 0.01988636363636359
07 0.37875000000000003 0.675 0.012485795454545479 0.054985795454545294
