06 0.8531249999999999 0.4725 0.07373355263157888 0.10498355263157888
10 0.16062500000000002 0.4075 0.04874161073825503 0.029991610738255015
11 0.201875 0.052500000000000005 0.041206896551724104 0.037456896551724135
05 0.30375 0.7181249999999999 0.03499444444444444 0.02874444444444435
18 0.042499999999999996 0.6893750000000001 0.027488095238095235 0.031238095238095176
16 0.729375 0.826875 0.04874297752808987 0.05624297752808982
04 0.16125 0.488125 0.03999509803921569 0.04374509803921567
03 0.30562500000000004 0.123125 0.01870689655172414 0.04870689655172414
14 0.33687500000000004 0.6356250000000001 0.031228448275862075 0.07622844827586206
07 0.06625 0.270625 0.037386363636363634 0.061136363636363655
11 0.660625 0.365625 0.03623579545454536 0.03373579545454547
