03 0.923125 0.62625 0.008733552631578934 0.037483552631578876
12 0.32562500000000005 0.83625 0.033741610738255046 0.032491610738254906
06 0.705 0.9099999999999999 0.01745689655172411 0.07245689655172416
04 0.8943749999999999 0.636875 0.01874444444444434 0.018744444444444452
03 0.36375 0.296875 0.037488095238095265 0.01873809523809522
01 0.173125 0.990625 0.011242977528089837 0.008742977528089835
08 0.474375 0.588125 0.02624509803921571 0.028745098039215655
11 0.5856250000000001 0.511875 0.023706896551724088 0.018706896551724084
01 0.31125 0.74125 0.019978448275862093 0.0174784482758622
00 0.321875 0.53625 0.028636363636363626 0.02488636363636365
11 0.16249999999999998 0.27125 0.027485795454545464 0.019985795454545485
05 0.23875000000000002 0.7268749999999999 0.014969512195121965 0.023719512195122028
03 0.16125 0.739375 0.017482142857142863 0.043732142857142886
