19 0.57125 0.5974999999999999 0.03248355263157887 0.019983552631578916
05 0.375625 0.513125 0.031241610738255043 0.018741610738255088
01 0.75625 0.33375 0.024956896551724173 0.01745689655172411
15 0.334375 0.948125 0.016244444444444506 0.016244444444444284
18 0.306875 0.619375 0.016238095238095274 0.01873809523809533
19 0.401875 0.686875 0.031242977528089855 0.026242977528089906
11 0.015625 0.915 0.02374509803921569 0.01999509803921573
06 0.713125 0.053125 0.07370689655172413 0.013706896551724149
06 0.74875 0.134375 0.05247844827586223 0.06872844827586205
18 0.24312499999999998 0.589375 0.018636363636363645 0.02113636363636362
06 0.364375 0.45875 0.008735795454545503 0.029985795454545494
08 0.335625 0.5874999999999999 0.013719512195122019 0.027469512195121948
06 0.16249999999999998 0.41625 0.047482142857142834 0.039982142857142855
09 0.770625 0.36375 0.06623749999999995 0.0324875
