13 0.9156249999999999 0.875625 0.031233552631578898 0.033733552631578956
03 0.365 0.475 0.034991610738255075 0.03249161073825507
04 0.6775 0.6056250000000001 0.02745689655172412 0.0337068965517241
03 0.156875 0.84625 0.021244444444444455 0.02249444444444426
11 0.366875 0.230625 0.02873809523809523 0.02373809523809528
06 0.251875 0.21687499999999998 0.053742977528089875 0.03624297752808983
07 0.829375 0.168125 0.04124509803921572 0.06874509803921569
18 0.925 0.035 0.01745689655172411 0.01995689655172414
04 0.876875 0.784375 0.03372844827586219 0.03372844827586219
00 0.338125 0.18312499999999998 0.026136363636363624 0.02363636363636365
15 0.82125 0.39 0.009985795454545365 0.02498579545454549
09 0.140625 0.171875 0.031219512195121923 0.02121951219512197
