11 0.625 0.8343750000000001 0.03998355263157882 0.031233552631578898
00 0.7675000000000001 0.26 0.034991610738254963 0.02749161073825504
18 0.321875 0.445625 0.028706896551724148 0.03120689655172415
07 0.285625 0.5275000000000001 0.09124444444444446 0.022494444444444484
16 0.10875000000000001 0.32437499999999997 0.052488095238095236 0.06123809523809526
04 0.491875 0.200625 0.04124297752808992 0.03374297752808986
13 0.786875 0.3925 0.13374509803921564 0.032495098039215686
07 0.655 0.569375 0.014956896551724164 0.09120689655172409
14 0.069375 0.9356249999999999 0.043728448275862065 0.06122844827586216
18 0.460625 0.378125 0.023636363636363567 0.026136363636363624
04 0.61125 0.26125 0.04248579545454545 0.032485795454545496
