06 0.8418749999999999 0.42625 0.02123355263157889 0.05248355263157889
03 0.915625 0.22999999999999998 0.12874161073825485 0.08249161073825503
06 0.9143749999999999 0.053125000000000006 0.11620689655172411 0.016206896551724144
07 0.43562500000000004 0.7324999999999999 0.06124444444444449 0.017494444444444368
03 0.79375 0.036875 0.06998809523809513 0.036238095238095236
11 0.881875 0.47375 0.05874297752808988 0.05999297752808985
00 0.050625 0.08124999999999999 0.04874509803921568 0.04999509803921569
05 0.2425 0.954375 0.05995689655172409 0.0387068965517241
01 0.22062500000000002 0.925 0.04372844827586206 0.039978448275862166
09 0.27875 0.40312499999999996 0.05988636363636368 0.07113636363636361
06 0.66375 0.9125 0.037485795454545334 0.04998579545454529
06 0.8831249999999999 0.718125 0.026219512195121975 0.19871951219512196
06 0.8687499999999999 0.22125 0.06248214285714282 0.04498214285714283
