14 0.859375 0.190625 0.026233552631578894 0.03873355263157899
11 0.291875 0.600625 0.02874161073825504 0.021241610738255035
08 0.249375 0.739375 0.02120689655172414 0.0237068965517242
20 0.880625 0.5093749999999999 0.01124444444444439 0.011244444444444501
16 0.6375 0.126875 0.03248809523809526 0.04873809523809523
12 0.042499999999999996 0.2425 0.034992977528089886 0.052492977528089874
13 0.2525 0.655625 0.09999509803921569 0.04874509803921567
06 0.025625000000000005 0.6368750000000001 0.04370689655172415 0.05120689655172417
03 0.624375 0.960625 0.03122844827586202 0.053728448275862206
11 0.6643749999999999 0.71625 0.0336363636363638 0.02738636363636371
02 0.09125 0.345 0.02748579545454545 0.0374857954545455
03 0.19 0.380625 0.024969512195122 0.018719512195121968
15 0.14500000000000002 0.08499999999999999 0.029982142857142874 0.03248214285714286
11 0.1825 0.2825 0.024987499999999996 0.034987500000000005
