04 0.8987499999999999 0.128125 0.04248355263157888 0.03373355263157894
00 0.33875 0.051250000000000004 0.06249161073825504 0.06249161073825504
14 0.95375 0.15187499999999998 0.05995689655172409 0.08620689655172412
03 0.19187500000000002 0.049375 0.041244444444444445 0.04874444444444445
05 0.50625 0.68625 0.059988095238095285 0.03248809523809515
11 0.6712499999999999 0.651875 0.04499297752808984 0.061242977528089826
06 0.17312500000000003 0.518125 0.17374509803921573 0.018745098039215757
01 0.056249999999999994 0.8300000000000001 0.052456896551724135 0.05495689655172409
02 0.905625 0.370625 0.036228448275862135 0.08372844827586207
04 0.405625 0.526875 0.056136363636363595 0.03613636363636363
06 0.7306250000000001 0.511875 0.1587357954545453 0.08373579545454546
11 0.715625 0.734375 0.051219512195122 0.03621951219512187
01 0.55375 0.55625 0.04498214285714286 0.03498214285714285
06 0.511875 0.339375 0.011237500000000011 0.04623749999999999
