16 0.756875 0.5687500000000001 0.05373355263157886 0.05248355263157889
15 0.109375 0.4975 0.031241610738255043 0.0599916107382551
13 0.171875 0.580625 0.11370689655172413 0.07120689655172419
09 0.144375 0.6543749999999999 0.06624444444444445 0.05874444444444438
12 0.629375 0.5349999999999999 0.0462380952380953 0.047488095238095274
20 0.41000000000000003 0.8674999999999999 0.03749297752808983 0.02499297752808982
03 0.7424999999999999 0.398125 0.052495098039215704 0.04124509803921572
14 0.029375000000000002 0.351875 0.02620689655172414 0.0387068965517241
11 0.179375 0.565625 0.04872844827586206 0.028728448275862073
00 0.3375 0.75875 0.03738636363636366 0.03738636363636372
12 0.5075000000000001 0.8400000000000001 0.06748579545454547 0.08748579545454527
14 0.515 0.18937500000000002 0.04246951219512196 0.06621951219512195
06 0.9493750000000001 0.408125 0.018732142857142864 0.036232142857142824
