03 0.9325 0.15875 0.03498355263157893 0.044983552631578966
07 0.879375 0.44875 0.0537416107382549 0.04999161073825503
02 0.11562499999999999 0.6375 0.033706896551724125 0.02495689655172406
06 0.7543763888888889 0.15187499999999998 0.01874722222222225 0.07374444444444443
05 0.865 0.47625 0.01498809523809519 0.03248809523809526
18 0.038125 0.5831249999999999 0.021242977528089887 0.023742977528089848
01 0.164375 0.701875 0.028745098039215683 0.031245098039215713
11 0.943125 0.136875 0.03120689655172404 0.023706896551724144
12 0.95875 0.661875 0.03747844827586222 0.0437284482758622
11 0.04375 0.31375 0.02488636363636363 0.02488636363636365
12 0.110625 0.2975 0.02123579545454546 0.04498579545454545
14 0.18625000000000003 0.6425000000000001 0.03246951219512198 0.027469512195121948
