05 0.6325000000000001 0.42562500000000003 0.03248355263157887 0.02623355263157895
01 0.43625 0.27875 0.04249161073825508 0.03999161073825508
13 0.930625 0.598125 0.08620689655172409 0.09120689655172409
02 0.35624999999999996 0.44125000000000003 0.034994444444444495 0.034994444444444495
07 0.29000000000000004 0.33625 0.059988095238095285 0.06998809523809524
04 0.473125 0.400625 0.031242977528089855 0.02624297752808985
06 0.14 0.826875 0.014995098039215699 0.038745098039215664
03 0.7825 0.036875000000000005 0.024956896551724173 0.023706896551724137
04 0.195625 0.18 0.02372844827586207 0.017478448275862063
04 0.20500000000000002 0.5762499999999999 0.03488636363636369 0.029886363636363655
06 0.831875 0.93125 0.12123579545454533 0.019985795454545263
08 0.13125 0.42374999999999996 0.01496951219512195 0.04996951219512197
03 0.17062499999999997 0.279375 0.02373214285714284 0.05623214285714284
07 0.53625 0.265 0.019987500000000047 0.0649875
