17 0.5387500000000001 0.505 0.04998355263157894 0.052483552631578945
20 0.33375 0.779375 0.03749161073825502 0.031241610738254932
05 0.7493749999999999 0.63 0.043706896551724106 0.04745689655172414
03 0.6025 0.8556250000000001 0.027494444444444488 0.02874444444444435
15 0.9525 0.38125 0.02998809523809509 0.029988095238095258
15 0.794375 0.415625 0.05124297752808993 0.03874297752808986
18 0.94 0.680625 0.02999509803921574 0.031245098039215713
01 0.07999999999999999 0.49687499999999996 0.03745689655172414 0.02620689655172409
14 0.795 0.2 0.022478448275862206 0.029978448275862074
03 0.74 0.819375 0.047386363636363726 0.05863636363636371
