13 0.271875 0.344375 0.04123355263157896 0.12873355263157893
10 0.5575 0.193125 0.03249161073825513 0.033741610738255046
01 0.09062499999999998 0.57125 0.028706896551724134 0.029956896551724177
18 0.889375 0.755625 0.031244444444444408 0.033744444444444355
15 0.581875 0.8668750000000001 0.021238095238095278 0.023738095238095114
13 0.298125 0.8262499999999999 0.0862429775280899 0.1199929775280898
10 0.565625 0.23875 0.05374509803921568 0.03999509803921569
04 0.788125 0.893125 0.0337068965517241 0.0337068965517241
14 0.41 0.08374999999999999 0.049978448275862064 0.034978448275862065
18 0.2525 0.35375 0.032386363636363685 0.034886363636363604
03 0.11375 0.8325 0.049985795454545484 0.037485795454545334
03 0.845 0.48250000000000004 0.04496951219512202 0.027469512195122003
01 0.10625 0.9275 0.029982142857142874 0.022482142857142895
20 0.38687499999999997 0.963125 0.03623749999999998 0.023737499999999967
