08 0.8556250000000001 0.70625 0.04123355263157891 0.012483552631578854
18 0.63 0.338125 0.014991610738255057 0.01624161073825503
11 0.72375 0.79375 0.024956896551724173 0.029956896551724177
14 0.4475 0.583125 0.022494444444444484 0.043744444444444586
05 0.8400000000000001 0.48875 0.014988095238095078 0.029988095238095314
04 0.93875 0.6231249999999999 0.02749297752808988 0.0212429775280899
03 0.28437622549019603 0.22999999999999998 0.016247549019607843 0.02749509803921571
04 0.6956249999999999 0.768125 0.026206896551724035 0.018706896551724195
20 0.18625 0.42125 0.012478448275862086 0.014978448275862088
05 0.8543750000000001 0.345 0.026136363636363735 0.02238636363636365
18 0.05 0.39437500000000003 0.01748579545454545 0.021235795454545514
00 0.338125 0.526875 0.026219512195121975 0.018719512195122023
