01 0.5625 0.8999999999999999 0.027483552631578867 0.019983552631578916
01 0.59125 0.67125 0.01999161073825506 0.014991610738254835
03 0.2625 0.141875 0.0349568965517241 0.04120689655172412
06 0.7825 0.71375 0.09249444444444432 0.012494444444444364
01 0.603125 0.8575 0.023738095238095225 0.017488095238095136
06 0.460625 0.47875 0.008742977528089835 0.09749297752808989
14 0.88625 0.698125 0.042495098039215695 0.03374509803921577
10 0.655 0.964375 0.02745689655172412 0.028706896551724093
18 0.386875 0.79625 0.018728448275862064 0.022478448275862206
18 0.59125 0.44 0.019886363636363646 0.022386363636363593
00 0.7825 0.865 0.034985795454545277 0.03498579545454539
15 0.7581249999999999 0.605 0.013719512195122019 0.019969512195121997
09 0.39249999999999996 0.818125 0.03748214285714285 0.036232142857142824
