05 0.455625 0.9681249999999999 0.013733552631578938 0.031233552631578898
16 0.823125 0.7831250000000001 0.028741610738254986 0.038741610738254884
11 0.5081249999999999 0.81375 0.023706896551724088 0.02745689655172412
10 0.405 0.610625 0.017494444444444535 0.018744444444444452
20 0.639375 0.24812499999999998 0.016238095238095274 0.016238095238095246
11 0.81375 0.674375 0.02749297752808988 0.018742977528089955
06 0.48687622549019605 0.11 0.048747549019607817 0.05499509803921568
11 0.8512500000000001 0.788125 0.019956896551724168 0.02120689655172414
07 0.434375 0.829375 0.053728448275862095 0.021228448275862233
08 0.188125 0.8175 0.011136363636363694 0.014886363636363642
08 0.163125 0.745625 0.041235795454545476 0.0287357954545453
03 0.126875 0.13437500000000002 0.008719512195121945 0.016219512195121938
