06 0.095 0.680625 0.06998355263157896 0.018733552631578942
07 0.07937290268456376 0.094375 0.05124580536912752 0.023741610738255037
03 0.8025 0.5225 0.012456896551724217 0.012456896551724106
12 0.15125 0.573125 0.019994444444444426 0.04124444444444442
12 0.91 0.39937500000000004 0.05748809523809517 0.036238095238095236
09 0.84625 0.1825 0.032492977528089884 0.054992977528089876
10 0.350625 0.470625 0.021245098039215704 0.0162450980392157
15 0.9575 0.669375 0.014956896551724164 0.028706896551724204
06 0.941875 0.634375 0.053728448275862206 0.016228448275862117
07 0.89 0.3812215909090909 0.022386363636363704 0.027443181818181783
03 0.049999999999999996 0.9724999999999999 0.03498579545454546 0.029985795454545383
12 0.513125 0.39249999999999996 0.03371951219512198 0.03246951219512201
02 0.47125 0.276875 0.022482142857142784 0.023732142857142813
15 0.28375 0.06125 0.03748750000000001 0.027487499999999998
