17 0.40249999999999997 0.433125 0.01998355263157886 0.02123355263157889
14 0.44875 0.64625 0.022491610738255063 0.022491610738255008
14 0.67375 0.86375 0.02745689655172412 0.01745689655172411
18 0.540625 0.721875 0.013744444444444559 0.016244444444444395
16 0.97 0.9575 0.019988095238095083 0.02248809523809514
04 0.05 0.9924999999999999 0.014992977528089889 0.012492977528089866
07 0.459375 0.2 0.018745098039215702 0.03749509803921569
01 0.469375 0.593125 0.011206896551724133 0.008706896551724075
13 0.174375 0.17125 0.02622844827586207 0.06247844827586205
18 0.356875 0.428125 0.013636363636363558 0.01613636363636356
08 0.111875 0.11249999999999999 0.01873579545454547 0.012485795454545465
11 0.16125 0.993125 0.01996951219512197 0.013719512195122019
08 0.020004464285714285 0.8668750000000001 0.02249107142857143 0.026232142857142926
