07 0.6187499999999999 0.17937088815789476 0.03248355263157887 0.03874177631578948
10 0.83 0.311875 0.022491610738254897 0.01624161073825503
04 0.3175 0.91 0.024956896551724173 0.024956896551724173
03 0.6025 0.0325 0.01749444444444448 0.01749444444444444
12 0.34187500000000004 0.28125 0.03373809523809529 0.03248809523809526
03 0.5549999999999999 0.7975 0.03499297752808983 0.039992977528089835
17 0.624375 0.133125 0.02624509803921571 0.028745098039215697
13 0.5125 0.581875 0.034956896551724126 0.0387068965517241
20 0.25625 0.450625 0.014978448275862088 0.01372844827586206
08 0.7931534090909091 0.744375 0.036193181818181874 0.023636363636363678
06 0.21 0.79125 0.07498579545454548 0.01498579545454537
