11 0.8375 0.8356250000000001 0.027483552631578867 0.023733552631578836
10 0.825625 0.651875 0.02374161073825498 0.018741610738254977
10 0.950625 0.870625 0.023706896551724088 0.018706896551724084
10 0.653125 0.24875 0.01874444444444434 0.01249444444444442
08 0.0175 0.274375 0.022488095238095238 0.016238095238095274
08 0.8068767556179776 0.165625 0.028746488764044953 0.03374297752808986
07 0.09062500000000001 0.753123774509804 0.023745098039215692 0.04874754901960787
13 0.79375 0.31125 0.06245689655172415 0.034956896551724126
07 0.13125 0.81375 0.01997844827586205 0.029978448275862157
08 0.4512784090909091 0.915 0.01744318181818183 0.014886363636363753
20 0.675 0.33687500000000004 0.012485795454545312 0.013735795454545452
11 0.5643750000000001 0.135 0.023719512195122028 0.01746951219512194
05 0.560625 0.775625 0.01373214285714286 0.03123214285714282
10 0.360625 0.3025 0.023737500000000022 0.022487499999999994
