08 0.575625 0.41500000000000004 0.031233552631578898 0.03248355263157893
06 0.573125 0.351875 0.048741610738255 0.07374161073825503
15 0.77875 0.374375 0.019956896551724168 0.036206896551724155
07 0.13624999999999998 0.5231250000000001 0.05999444444444445 0.07124444444444455
07 0.45687500000000003 0.174375 0.05123809523809525 0.07123809523809524
11 0.8943749999999999 0.84375 0.026242977528089795 0.019992977528089817
03 0.464375 0.410625 0.023745098039215706 0.041245098039215666
11 0.663125 0.7275 0.03120689655172415 0.019956896551724168
20 0.604375 0.29500000000000004 0.02122844827586201 0.019978448275862093
01 0.8925000000000001 0.735625 0.0173863636363637 0.016136363636363726
04 0.621875 0.50125 0.031235795454545467 0.022485795454545432
13 0.606875 0.48187499999999994 0.06371951219512206 0.07121951219512196
15 0.3587455357142857 0.748125 0.0524910714285714 0.026232142857142815
