09 0.036875000000000005 0.36624999999999996 0.026233552631578953 0.03998355263157888
05 0.15125 0.10250000000000001 0.022491610738255063 0.052491610738255035
17 0.26249999999999996 0.720625 0.024956896551724117 0.0387068965517241
10 0.48062499999999997 0.1875 0.03374444444444452 0.029994444444444435
19 0.559375 0.04625 0.03623809523809529 0.03998809523809524
08 0.52 0.916875 0.02749297752808988 0.05124297752808982
06 0.8187500000000001 0.24874999999999997 0.012495098039215669 0.04249509803921567
18 0.4425 0.910625 0.022456896551724115 0.026206896551724146
09 0.921875 0.9143749999999999 0.03372844827586219 0.03122844827586213
18 0.6799999999999999 0.52125 0.024886363636363762 0.027386363636363598
07 0.31937855113636365 0.4837464488636364 0.031242897727272734 0.06499289772727274
02 0.628125 0.29500000000000004 0.10371951219512199 0.04996951219512197
