13 0.87 0.17375000000000002 0.07748355263157891 0.05498355263157895
04 0.16999999999999998 0.038125 0.029991610738255042 0.03374161073825503
03 0.926875 0.838125 0.028706896551724093 0.05120689655172406
01 0.946875 0.164375 0.0212444444444444 0.01624444444444445
08 0.860625 0.819375 0.048738095238095136 0.03373809523809512
01 0.786875 0.0125 0.018742977528089844 0.014992977528089889
04 0.2075 0.55375 0.03749509803921569 0.02999509803921574
03 0.01125 0.295625 0.017456896551724138 0.01620689655172408
04 0.439375 0.76875 0.028728448275862073 0.02747844827586221
03 0.9675 0.933125 0.04488636363636378 0.036136363636363744
