05 0.87125 0.933125 0.027483552631578867 0.04623355263157891
08 0.399375 0.25187499999999996 0.04124161073825505 0.023741610738255037
01 0.663125 0.14875 0.0387068965517241 0.03745689655172413
02 0.529375 0.7625 0.036244444444444524 0.03499444444444444
01 0.605 0.5231250000000001 0.027488095238095256 0.023738095238095336
18 0.5193749999999999 0.225625 0.026242977528089795 0.028742977528089853
14 0.605 0.48250000000000004 0.05499509803921576 0.0499950980392157
14 0.615625 0.208125 0.0387068965517241 0.03620689655172413
03 0.9412499999999999 0.5 0.049978448275862175 0.049978448275862064
14 0.7550284090909091 0.8843749999999999 0.07994318181818194 0.04613636363636375
03 0.48624999999999996 0.5018750000000001 0.027485795454545492 0.013735795454545507
04 0.3925 0.729375 0.04246951219512196 0.03121951219512198
