14 0.45625000000000004 0.17375000000000002 0.1224835526315789 0.08998355263157895
13 0.580625 0.795 0.07124161073825508 0.22999161073825491
19 0.11937500000000001 0.753125 0.04370689655172412 0.08620689655172409
14 0.6675 0.48375 0.08249444444444443 0.12249444444444452
02 0.923125 0.5475 0.058738095238095145 0.13748809523809524
13 0.8400000000000001 0.525 0.1874929775280899 0.1624929775280899
03 0.5425 0.18625000000000003 0.06999509803921566 0.06749509803921569
03 0.821875 0.12125 0.1537068965517241 0.10495689655172413
11 0.7637499999999999 0.934375 0.07247844827586214 0.07122844827586217
14 0.913125 0.818125 0.09363636363636374 0.05863636363636382
