11 0.66875 0.106875 0.03748355263157899 0.038733552631578946
11 0.46625 0.7825 0.03249161073825502 0.02999161073825496
00 0.23 0.9068750000000001 0.032456896551724124 0.03120689655172415
06 0.806875 0.514375 0.10624444444444436 0.08374444444444445
13 0.455625 0.49375 0.08123809523809522 0.04748809523809522
10 0.20625 0.13125 0.03499297752808986 0.019992977528089886
01 0.95875 0.128125 0.017495098039215673 0.011245098039215681
00 0.909375 0.494375 0.03870689655172421 0.03370689655172415
00 0.209375 0.8831249999999999 0.031228448275862075 0.02372844827586229
20 0.6087499999999999 0.805625 0.0323863636363636 0.02363636363636379
10 0.4675 0.40375 0.049985795454545456 0.054985795454545516
07 0.6443749999999999 0.015624999999999998 0.03871951219512193 0.02121951219512195
