18 0.018125 0.536875 0.023733552631578947 0.026233552631578894
08 0.384375 0.69125 0.03874161073825505 0.01999161073825495
14 0.879375 0.931875 0.036250000000000004 0.028706896551724093
03 0.495625 0.9281250000000001 0.013744444444444504 0.04874444444444437
08 0.48624999999999996 0.079375 0.06248809523809523 0.021238095238095223
11 0.439375 0.58125 0.03374297752808986 0.029992977528089937
09 0.7268749999999999 0.69875 0.031245098039215713 0.02999509803921563
05 0.5925 0.27 0.024956896551724173 0.04995689655172411
06 0.924375 0.0625 0.011228448275862113 0.052478448275862066
13 0.14 0.29625 0.08738636363636365 0.05488636363636362
08 0.44937499999999997 0.8831249999999999 0.05873579545454549 0.0187357954545454
02 0.644375 0.05125 0.04121951219512199 0.039969512195121945
03 0.660625 0.59375 0.0637321428571429 0.0374821428571428
