12 0.339375 0.39 0.04873355263157897 0.027483552631578922
07 0.7337499999999999 0.568125 0.0899916107382549 0.06124161073825496
03 0.725625 0.5293749999999999 0.05870689655172412 0.018706896551724195
01 0.39437500000000003 0.360625 0.023744444444444512 0.018744444444444508
08 0.6575 0.7481249999999999 0.017488095238095136 0.04623809523809508
03 0.44 0.69625 0.012492977528089866 0.032492977528089884
03 0.9256249999999999 0.070625 0.013745098039215642 0.018745098039215688
15 0.9924999999999999 0.6975 0.012456896551724106 0.032456896551724124
03 0.305 0.26 0.05997844827586207 0.05747844827586204
08 0.305 0.19875 0.014886363636363642 0.042386363636363666
11 0.52875 0.685 0.027485795454545436 0.024985795454545268
05 0.85875 0.6056250000000001 0.02746951219512206 0.016219512195121966
09 0.6025 0.964375 0.039982142857142855 0.02873214285714276
14 0.921875 0.13125 0.028737500000000082 0.03748750000000002
