14 0.14750000000000002 0.894375 0.042483552631578964 0.0362335526315789
13 0.17687709731543622 0.55125 0.06124580536912752 0.08249161073825506
15 0.144375 0.7575000000000001 0.051206896551724126 0.039956896551724186
16 0.32375 0.6975 0.0399944444444445 0.05999444444444435
02 0.661875 0.22562500000000002 0.0612380952380952 0.036238095238095264
20 0.763125 0.685 0.036242977528089804 0.03749297752808978
16 0.794375 0.8668750000000001 0.04124509803921572 0.05124509803921573
04 0.46875 0.38749999999999996 0.039956896551724075 0.024956896551724117
02 0.391875 0.45999999999999996 0.058728448275862044 0.024978448275862097
14 0.3530965909090909 0.40375 0.03619318181818176 0.037386363636363606
06 0.510625 0.5506249999999999 0.09623579545454541 0.0662357954545455
02 0.22625 0.604375 0.024969512195121973 0.06871951219512207
00 0.8631249999999999 0.15375 0.04123214285714283 0.03748214285714285
