03 0.584375 0.058124999999999996 0.06623355263157893 0.031233552631578954
15 0.5137499999999999 0.41125 0.02999161073825507 0.02999161073825507
06 0.31375 0.899375 0.03745689655172413 0.01370689655172408
14 0.518125 0.703125 0.0737444444444445 0.03874444444444425
00 0.6299999999999999 0.609375 0.029988095238095203 0.02623809523809517
10 0.023125 0.258125 0.02874297752808989 0.026242977528089878
13 0.691875 0.88625 0.03374509803921566 0.09249509803921563
03 0.4375 0.86875 0.039956896551724075 0.049956896551724084
10 0.528125 0.38 0.02372844827586207 0.024978448275862042
06 0.65625 0.025625 0.10488636363636361 0.013636363636363634
07 0.891875 0.4375 0.016235795454545343 0.05748579545454546
01 0.26749999999999996 0.1975 0.022469512195122 0.014969512195121965
