00 0.6 0.15000000000000002 0.027483552631578867 0.024983552631578948
03 0.24562499999999998 0.5025 0.01874161073825506 0.014991610738255001
16 0.9625 0.905 0.014956896551724164 0.032456896551724124
18 0.9299999999999999 0.4275 0.017494444444444368 0.01999444444444448
16 0.505 0.13374999999999998 0.029988095238095314 0.03248809523809523
14 0.4475 0.7424999999999999 0.039992977528089835 0.014992977528089813
07 0.7050000000000001 0.5081249999999999 0.01999509803921573 0.05374509803921568
02 0.67125 0.496875 0.024956896551724173 0.03120689655172415
15 0.659375 0.41875 0.02372844827586229 0.019978448275862037
14 0.920625 0.6018749999999999 0.018636363636363784 0.03113636363636363
09 0.160625 0.754375 0.026235795454545463 0.01873579545454529
07 0.309375 0.6993673780487805 0.056219512195122 0.02123475609756098
03 0.07 0.88125 0.01998214285714285 0.02748214285714279
