20 0.4925 0.06375 0.009983552631578907 0.012483552631578965
08 0.81375 0.525625 0.03499161073825485 0.023741610738255092
18 0.11125 0.89 0.014956896551724136 0.01745689655172411
14 0.3525 0.435 0.022494444444444484 0.027494444444444488
04 0.7481249999999999 0.743125 0.023738095238095114 0.023738095238095114
18 0.688125 0.4 0.016242977528089897 0.019992977528089872
01 0.45375 0.551875 0.019995098039215675 0.013745098039215753
20 0.038125000000000006 0.254375 0.018706896551724143 0.02120689655172414
13 0.46625 0.041249999999999995 0.03497844827586205 0.02747844827586207
14 0.9693750000000001 0.43000000000000005 0.016136363636363726 0.014886363636363587
14 0.11875 0.26749999999999996 0.022485795454545474 0.027485795454545492
03 0.748125 0.085625 0.02121951219512197 0.02371951219512193
