01 0.6993750000000001 0.7575000000000001 0.02873355263157895 0.022483552631578863
20 0.48812500000000003 0.850625 0.05874161073825507 0.06124161073825485
11 0.6018749999999999 0.37375 0.06370689655172412 0.04245689655172408
12 0.84625 0.70375 0.06499444444444435 0.06499444444444435
14 0.171875 0.60625 0.05373809523809525 0.0824880952380952
07 0.9493750000000001 0.134375 0.05624297752808982 0.12624297752808988
11 0.045625 0.448125 0.05624509803921568 0.046245098039215726
16 0.693125 0.23312500000000003 0.07620689655172419 0.06870689655172416
14 0.901875 0.514375 0.07872844827586223 0.06622844827586205
15 0.8 0.31375 0.04988636363636367 0.0323863636363636
06 0.7175 0.379375 0.044985795454545285 0.21123579545454546
07 0.765625 0.47000000000000003 0.013719512195121908 0.07746951219512199
05 0.0875 0.085 0.05748214285714286 0.05998214285714285
15 0.059375000000000004 0.881875 0.05373750000000001 0.06623750000000006
