00 0.798125 0.5918749999999999 0.07123355263157893 0.06373355263157887
14 0.281875 0.16999999999999998 0.04874161073825506 0.09499161073825504
06 0.281875 0.35750000000000004 0.18620689655172415 0.06995689655172416
15 0.19437500000000002 0.861875 0.03624444444444444 0.06874444444444439
15 0.528125 0.155625 0.051238095238095194 0.14873809523809522
05 0.6275 0.193125 0.049992977528089955 0.05624297752808985
03 0.590625 0.63625 0.056245098039215624 0.052495098039215704
11 0.354375 0.19874999999999998 0.06120689655172412 0.052456896551724114
03 0.67125 0.39375 0.04497844827586217 0.20247844827586203
16 0.303125 0.21687499999999998 0.07363636363636361 0.10613636363636367
03 0.80125 0.495625 0.11498579545454535 0.04373579545454542
