12 0.79 0.308125 0.0624835526315789 0.07123355263157893
01 0.52875 0.244375 0.027491610738255123 0.02624161073825504
02 0.591875 0.106875 0.036206896551724155 0.04870689655172411
10 0.15187638888888888 0.720625 0.033747222222222234 0.023744444444444346
03 0.220625 0.611875 0.01123809523809527 0.043738095238095354
06 0.8725 0.6387499999999999 0.09749297752808983 0.06249297752808991
18 0.30625 0.90625 0.022495098039215733 0.024995098039215735
10 0.6556249999999999 0.73 0.03120689655172415 0.022456896551724115
10 0.254375 0.014375000000000002 0.023728448275862096 0.016228448275862072
20 0.303125 0.53625 0.038636363636363635 0.027386363636363598
06 0.08375 0.32875 0.017485795454545455 0.03248579545454544
01 0.7725 0.374375 0.01746951219512194 0.013719512195121963
03 0.058750000000000004 0.7831250000000001 0.01998214285714285 0.033732142857142766
