03 0.975625 0.641875 0.023733552631578836 0.013733552631578938
01 0.19375 0.67 0.014991610738255057 0.012491610738254888
03 0.188125 0.23249999999999998 0.013706896551724107 0.01995689655172414
00 0.6375 0.29500000000000004 0.019994444444444426 0.017494444444444424
02 0.574375 0.3875 0.01123809523809527 0.027488095238095256
03 0.18375000000000002 0.495625 0.03499297752808986 0.018742977528089844
10 0.786875 0.125 0.018745098039215646 0.014995098039215685
06 0.845 0.328125 0.0649568965517241 0.023706896551724088
18 0.855 0.36 0.00997844827586225 0.012478448275862086
04 0.93875 0.524375 0.014886363636363753 0.013636363636363558
09 0.568125 0.586875 0.02123579545454546 0.013735795454545507
11 0.255625 0.875 0.02121951219512197 0.022469512195121943
10 0.3775 0.280625 0.014982142857142833 0.011232142857142857
17 0.763125 0.599375 0.02123749999999991 0.023737499999999967
