14 0.09812499999999999 0.286875 0.02123355263157893 0.016233552631578996
03 0.75375 0.94875 0.042491610738254915 0.02999161073825496
06 0.313125 0.3075 0.02120689655172414 0.01745689655172411
02 0.9425 0.458125 0.027494444444444266 0.016244444444444506
04 0.7025 0.775625 0.024988095238095198 0.01873809523809511
20 0.504375 0.78125 0.021242977528089846 0.01749297752808987
13 0.641875 0.815625 0.04374509803921567 0.046245098039215615
11 0.934375 0.2925 0.026206896551724146 0.02745689655172412
20 0.9299999999999999 0.731875 0.0174784482758622 0.018728448275862175
09 0.298125 0.905 0.023636363636363622 0.022386363636363704
11 0.49 0.2825 0.027485795454545492 0.01998579545454543
