11 0.7537499999999999 0.756875 0.04998355263157894 0.03873355263157896
00 0.239375 0.9425 0.053741610738255036 0.03999161073825497
12 0.248125 0.47875 0.09620689655172415 0.052456896551724086
04 0.81375 0.361875 0.04999444444444434 0.03874444444444447
10 0.08937500000000001 0.5531250000000001 0.051238095238095235 0.03873809523809524
03 0.57875 0.12625 0.09249297752808983 0.0474929775280899
09 0.838125 0.673125 0.09624509803921577 0.03374509803921566
07 0.660625 0.68375 0.07120689655172407 0.07995689655172411
19 0.10125 0.360625 0.03247844827586206 0.058728448275862044
08 0.16875 0.35124999999999995 0.06238636363636363 0.03988636363636361
03 0.734375 0.9312499999999999 0.06623579545454539 0.03248579545454533
01 0.041874999999999996 0.7150000000000001 0.05371951219512194 0.047469512195121966
10 0.76 0.594375 0.05248214285714292 0.04873214285714278
