06 0.55125 0.8768750000000001 0.022483552631578974 0.031233552631578898
03 0.53375 0.076875 0.022491610738255008 0.02124161073825505
13 0.201875 0.828125 0.07120689655172413 0.06370689655172423
06 0.89 0.6950000000000001 0.07499444444444436 0.019994444444444315
13 0.17625000000000002 0.453125 0.06748809523809526 0.03623809523809529
18 0.50375 0.42500000000000004 0.01749297752808987 0.019992977528089872
04 0.35250000000000004 0.67875 0.02499509803921568 0.01999509803921573
16 0.858125 0.358125 0.026206896551724146 0.0362068965517241
13 0.885 0.628125 0.059978448275862295 0.02372844827586207
15 0.31625000000000003 0.71625 0.01238636363636364 0.024886363636363762
12 0.985 0.778125 0.02498579545454538 0.023735795454545294
