12 0.903125 0.19374999999999998 0.06373355263157887 0.06498355263157898
12 0.37124999999999997 0.915625 0.029991610738255015 0.03374161073825488
03 0.8868750000000001 0.9675 0.023706896551724088 0.04245689655172413
08 0.32625000000000004 0.29000000000000004 0.0399944444444445 0.022494444444444428
13 0.0725 0.73 0.04498809523809524 0.044988095238095105
17 0.7662500000000001 0.409375 0.03499297752808983 0.03874297752808986
12 0.29125 0.104375 0.03999509803921569 0.03374509803921569
03 0.13 0.72375 0.04745689655172414 0.012456896551724217
12 0.07125000000000001 0.73875 0.06497844827586208 0.049978448275862175
20 0.818125 0.08124999999999999 0.023636363636363678 0.024886363636363637
00 0.54125 0.21687499999999998 0.022485795454545432 0.021235795454545486
03 0.844375 0.5375 0.05371951219512194 0.019969512195121997
03 0.03125 0.86 0.019982142857142855 0.02498214285714284
00 0.9725 0.505 0.019987500000000047 0.019987500000000047
