06 0.644375 0.133125 0.06873355263157888 0.006233552631578931
09 0.7375 0.809375 0.03999161073825486 0.026241610738254928
18 0.74625 0.925 0.014956896551724164 0.01745689655172411
19 0.47062499999999996 0.558125 0.018744444444444508 0.03124444444444452
14 0.63375 0.909375 0.009988095238095296 0.01623809523809505
07 0.3225 0.106875 0.01749297752808987 0.02874297752808988
07 0.84 0.6375 0.017495098039215673 0.07749509803921562
15 0.559375 0.48 0.018706896551724195 0.044956896551724135
18 0.81875 0.7124999999999999 0.014978448275862144 0.0174784482758622
10 0.08499999999999999 0.9237500000000001 0.009886363636363624 0.012386363636363806
15 0.18562499999999998 0.738125 0.021235795454545486 0.016235795454545343
12 0.08687500000000001 0.269375 0.041219512195121946 0.04121951219512196
