00 0.8425 0.181875 0.017483552631578858 0.013733552631578966
20 0.7281249999999999 0.49 0.01624161073825492 0.014991610738255057
15 0.1825 0.8075 0.007456896551724129 0.012456896551724217
05 0.28500000000000003 0.080625 0.022494444444444428 0.02624444444444446
14 0.27625 0.080625 0.03498809523809526 0.023738095238095225
01 0.673125 0.7825 0.016242977528089897 0.012492977528089866
14 0.345 0.13 0.03249509803921574 0.0499950980392157
07 0.4425 0.45375 0.07245689655172416 0.057456896551724146
10 0.246875 0.16375 0.018728448275862064 0.019978448275862065
10 0.9606250000000001 0.233125 0.018636363636363673 0.018636363636363673
03 0.666875 0.7137500000000001 0.016235795454545343 0.02248579545454532
01 0.238125 0.549375 0.028719512195121977 0.018719512195121912
