02 0.6175 0.63375 0.014983552631578911 0.027483552631578867
06 0.445 0.065 0.10999161073825503 0.039991610738255044
20 0.14625 0.8656250000000001 0.022456896551724143 0.02120689655172414
18 0.33499999999999996 0.97125 0.014994444444444477 0.017494444444444368
14 0.133125 0.3325 0.023738095238095225 0.037488095238095265
04 0.231875 0.041874999999999996 0.023742977528089848 0.028742977528089887
14 0.845 0.8143750000000001 0.03999509803921564 0.021245098039215704
01 0.8200000000000001 0.311875 0.014956896551724053 0.013706896551724135
03 0.69125 0.36375 0.032478448275862215 0.05747844827586207
02 0.268125 0.059971590909090905 0.03613636363636363 0.029943181818181813
09 0.528125 0.38187499999999996 0.026235795454545463 0.04373579545454548
15 0.8574999999999999 0.278125 0.03746951219512196 0.04121951219512199
20 0.986875 0.965625 0.02123214285714281 0.016232142857142917
00 0.29312499999999997 0.980625 0.03373750000000003 0.023737499999999967
