03 0.41125 0.241875 0.02498355263157892 0.013733552631578966
09 0.670625 0.775 0.021241610738254924 0.01999161073825495
03 0.035 0.595 0.02995689655172414 0.032456896551724124
11 0.6025 0.438125 0.022494444444444484 0.02124444444444451
02 0.435 0.08875 0.029988095238095314 0.03248809523809523
09 0.3112482443820225 0.625 0.014996488764044913 0.03749297752808989
07 0.079375 0.6912499999999999 0.03624509803921569 0.01999509803921573
03 0.69875 0.71875 0.049956896551724084 0.024956896551724173
15 0.08687500000000001 0.5731250000000001 0.06872844827586207 0.02372844827586207
11 0.41625 0.90625 0.01738636363636359 0.022386363636363704
03 0.45875 0.500625 0.019985795454545485 0.018735795454545456
13 0.8325 0.22499999999999998 0.087469512195122 0.08246951219512197
