05 0.535 0.5868708881578948 0.037483552631578876 0.028741776315789447
08 0.295625 0.9668729026845637 0.03624161073825505 0.02874580536912741
13 0.448125 0.070625 0.11620689655172417 0.03620689655172414
14 0.15625 0.806875 0.03499444444444444 0.031244444444444408
20 0.38375 0.491875 0.027488095238095256 0.026238095238095283
03 0.641875 0.830625 0.06624297752808983 0.026242977528089795
02 0.735 0.58375 0.01999509803921562 0.04499509803921575
08 0.414375 0.689364224137931 0.023706896551724088 0.03372844827586208
14 0.655625 0.5743750000000001 0.03872844827586208 0.02372844827586207
03 0.746875 0.5149999999999999 0.07613636363636378 0.022386363636363593
04 0.175 0.020624999999999998 0.03498579545454547 0.03623579545454545
20 0.09375 0.16000000000000003 0.022469512195121943 0.01996951219512197
04 0.921875 0.43875 0.03123214285714293 0.027482142857142844
