18 0.593125 0.41625 0.023733552631578947 0.027483552631578867
08 0.410625 0.39625 0.06374161073825507 0.01999161073825506
01 0.17375000000000002 0.355 0.042456896551724105 0.03995689655172413
11 0.594375 0.115 0.036244444444444524 0.029994444444444462
18 0.14375 0.1675 0.01998809523809522 0.02248809523809525
09 0.484375 0.785 0.026242977528089906 0.03749297752808989
17 0.28625 0.8400000000000001 0.0449950980392157 0.032495098039215686
13 0.659375 0.9199999999999999 0.10120689655172421 0.039956896551724186
11 0.14875 0.40875 0.027478448275862072 0.032478448275862104
07 0.08249999999999999 0.41500000000000004 0.06488636363636363 0.03988636363636361
06 0.845 0.263125 0.02248579545454532 0.02123579545454546
02 0.829375 0.850625 0.056219512195122 0.04621951219512199
05 0.20124999999999998 0.933125 0.02248214285714281 0.03373214285714288
15 0.526875 0.75 0.058737500000000054 0.039987500000000065
