01 0.7375 0.09125 0.01748355263157897 0.01748355263157894
14 0.5231250000000001 0.845 0.01624161073825514 0.01999161073825495
07 0.838135775862069 0.1 0.028728448275862073 0.014956896551724122
04 0.406875 0.30562500000000004 0.018744444444444508 0.01624444444444445
09 0.306875 0.823125 0.021238095238095278 0.03623809523809518
13 0.10625000000000001 0.9325 0.017492977528089884 0.029992977528089826
04 0.825625 0.84625 0.018745098039215757 0.017495098039215784
16 0.25 0.379375 0.02745689655172412 0.016206896551724137
03 0.9762553879310345 0.93875 0.019989224137931028 0.022478448275862206
20 0.87625 0.370625 0.0173863636363637 0.016136363636363615
06 0.6312499999999999 0.27625 0.019985795454545374 0.012485795454545423
