08 0.441875 0.065625 0.026233552631578894 0.026233552631578956
07 0.9543729026845638 0.8175 0.058745805369127435 0.04499161073825486
09 0.756875 0.81875 0.023706896551724088 0.024956896551724173
05 0.979375 0.89 0.01124444444444439 0.02499444444444432
14 0.27625 0.32625 0.02498809523809531 0.027488095238095256
15 0.385 0.079375 0.01749297752808987 0.02874297752808988
10 0.45625 0.5375 0.017495098039215673 0.014995098039215726
10 0.524375 0.36312500000000003 0.023706896551724088 0.023706896551724144
07 0.17875000000000002 0.034375 0.022478448275862067 0.01872844827586207
01 0.549375 0.175 0.018636363636363673 0.012386363636363668
11 0.24375 0.6437499999999999 0.01998579545454543 0.022485795454545432
10 0.199375 0.82375 0.013719512195121963 0.012469512195121935
06 0.50375 0.39937500000000004 0.05498214285714287 0.03373214285714282
04 0.38875000000000004 0.27937500000000004 0.01998749999999999 0.023737500000000022
