20 0.31625 0.053125 0.012483552631578965 0.016233552631578954
09 0.6074999999999999 0.063125 0.04999161073825509 0.028741610738255034
11 0.975 0.446875 0.03495689655172418 0.041206896551724104
07 0.34187500000000004 0.509375 0.06874444444444444 0.0787444444444445
04 0.76 0.029375000000000002 0.03498809523809521 0.04123809523809524
14 0.71 0.214375 0.03749297752808989 0.02624297752808985
07 0.795625 0.289375 0.04874509803921567 0.021245098039215704
12 0.299375 0.92125 0.0387068965517241 0.05995689655172409
18 0.915 0.506875 0.02747844827586221 0.03122844827586213
14 0.36624999999999996 0.5725 0.01988636363636359 0.03988636363636355
06 0.11125355113636363 0.1375 0.00749289772727274 0.12248579545454547
09 0.723125 0.049375 0.033719512195121926 0.04871951219512195
14 0.815625 0.226875 0.028732142857142873 0.06373214285714279
11 0.37375 0.395625 0.0299875 0.036237500000000034
