05 0.568125 0.33125 0.04123355263157891 0.03498355263157893
05 0.6925 0.22999999999999998 0.01999161073825495 0.04999161073825506
06 0.854375 0.22 0.046206896551724164 0.044956896551724135
04 0.51 0.1575 0.03499444444444455 0.03499444444444444
03 0.04875 0.5525 0.05498809523809523 0.029988095238095314
08 0.144375 0.815 0.0187429775280899 0.049992977528089955
04 0.609375 0.353125 0.031245098039215602 0.02874509803921571
05 0.563125 0.6625000000000001 0.018706896551724084 0.04245689655172413
09 0.1825 0.28375 0.04497844827586206 0.0274784482758621
18 0.87625 0.7537499999999999 0.022386363636363704 0.024886363636363762
15 0.28875 0.226875 0.037485795454545445 0.05123579545454546
