10 0.604375 0.38125 0.07373355263157899 0.04998355263157889
07 0.8325 0.6818729026845638 0.07749161073825483 0.04374580536912742
04 0.621875 0.8187500000000001 0.043706896551724106 0.04245689655172413
06 0.90625 0.65125 0.10749444444444434 0.01499444444444431
02 0.291875 0.610625 0.026238095238095283 0.08123809523809511
04 0.8043750000000001 0.11499999999999999 0.04874297752808976 0.037492977528089874
03 0.69 0.36812500000000004 0.024995098039215624 0.043745098039215724
04 0.7825 0.6975 0.04495689655172408 0.032456896551724124
19 0.40125 0.368125 0.01747844827586209 0.018728448275862064
08 0.7418750000000001 0.45625 0.06363636363636382 0.0323863636363636
08 0.7675000000000001 0.5349999999999999 0.044985795454545285 0.047485795454545454
