13 0.6699999999999999 0.419375 0.04498355263157883 0.15373355263157895
01 0.115625 0.87875 0.03624161073825505 0.022491610738254897
10 0.37687499999999996 0.046875 0.01870689655172414 0.01870689655172414
20 0.744375 0.52125 0.02874444444444435 0.029994444444444435
05 0.7275 0.16625 0.02248809523809514 0.04498809523809527
18 0.954375 0.910625 0.023742977528089848 0.026242977528089906
03 0.7281249999999999 0.513125 0.031245098039215713 0.08624509803921565
15 0.63125 0.70375 0.02745689655172412 0.06495689655172421
04 0.8287500000000001 0.5918749999999999 0.03747844827586222 0.02372844827586207
15 0.16125 0.425 0.03738636363636366 0.01738636363636359
01 0.36375 0.8787499999999999 0.032485795454545496 0.024985795454545268
