15 0.5331250000000001 0.8512500000000001 0.013733552631578827 0.02498355263157881
08 0.320625 0.12687500000000002 0.04624161073825506 0.01874161073825506
00 0.09687499999999999 0.09062500000000001 0.021206896551724128 0.021206896551724128
05 0.406875 0.135625 0.02124444444444451 0.021244444444444455
14 0.354375 0.746875 0.021238095238095278 0.03373809523809512
10 0.428125 0.6112500000000001 0.021242977528089846 0.022492977528089875
18 0.9475 0.460625 0.01249509803921578 0.0162450980392157
03 0.30562500000000004 0.774375 0.04620689655172411 0.02120689655172414
20 0.55375 0.79375 0.012478448275862086 0.014978448275862255
12 0.360625 0.8831249999999999 0.046136363636363587 0.02363636363636379
02 0.75 0.5643750000000001 0.027485795454545325 0.04623579545454548
01 0.535625 0.12125 0.016219512195121966 0.012469512195121935
15 0.013125000000000001 0.419375 0.016232142857142858 0.04123214285714283
