20 0.82875 0.464375 0.017483552631578858 0.016233552631578885
20 0.375 0.47375 0.014991610738255057 0.012491610738255055
11 0.16812500000000002 0.83125 0.033706896551724125 0.02495689655172406
14 0.52 0.92625 0.042494444444444446 0.03499444444444433
00 0.203125 0.6012500000000001 0.02373809523809528 0.02498809523809531
06 0.06625 0.688125 0.02999297752808989 0.018742977528089844
20 0.20124999999999998 0.808125 0.022495098039215705 0.021245098039215704
02 0.926875 0.78625 0.04120689655172405 0.03495689655172418
04 0.911875 0.9768749999999999 0.03122844827586224 0.028728448275862184
10 0.5225 0.7793749999999999 0.027386363636363598 0.02363636363636379
03 0.6799999999999999 0.899375 0.03248579545454533 0.07123579545454539
