06 0.8218749999999999 0.763125 0.06373355263157887 0.02873355263157895
07 0.8668750000000001 0.9624999999999999 0.04874161073825489 0.03749161073825491
03 0.05625 0.669375 0.012456896551724148 0.026206896551724035
20 0.84625 0.1775 0.014994444444444421 0.014994444444444421
11 0.17125 0.6599999999999999 0.02248809523809528 0.02248809523809514
04 0.20875 0.375 0.02749297752808985 0.022492977528089875
11 0.80375 0.9299999999999999 0.02999509803921574 0.024995098039215624
07 0.415625 0.618739224137931 0.04370689655172416 0.039978448275862055
17 0.675625 0.98125 0.02372844827586218 0.02747844827586221
19 0.8743749999999999 0.019374999999999996 0.016136363636363726 0.018636363636363635
06 0.5375035511363636 0.71875 0.052492897727272725 0.06498579545454541
04 0.6275 0.7025 0.022469512195122054 0.029969512195122006
01 0.080625 0.575 0.01373214285714286 0.009982142857142828
18 0.469375 0.029375 0.016237500000000016 0.0187375
