18 0.939375 0.195625 0.016233552631578885 0.01873355263157897
05 0.855 0.7124999999999999 0.024991610738254844 0.014991610738254946
01 0.174375 0.9918750000000001 0.011206896551724133 0.008706896551724186
09 0.738125 0.34562499999999996 0.033744444444444355 0.03374444444444452
01 0.37375 0.9862500000000001 0.014988095238095245 0.014988095238095078
05 0.660625 0.48 0.03374297752808986 0.01749297752808987
18 0.691875 0.798125 0.013745098039215753 0.0162450980392157
10 0.015 0.56625 0.022456896551724136 0.01745689655172411
03 0.2475 0.19374999999999998 0.049978448275862064 0.019978448275862065
02 0.8418749999999999 0.9493750000000001 0.0061363636363637175 0.036136363636363744
13 0.819375 0.649375 0.07623579545454529 0.021235795454545348
06 0.933125 0.655625 0.016219512195121966 0.08371951219512197
03 0.583125 0.590625 0.018732142857142753 0.028732142857142873
