13 0.430625 0.781875 0.026233552631578894 0.09123355263157884
13 0.9137500000000001 0.819375 0.014991610738254946 0.013741610738254972
04 0.09375 0.85625 0.022456896551724115 0.022456896551724115
19 0.54375 0.018125000000000002 0.019994444444444537 0.03624444444444445
01 0.8243750000000001 0.6000000000000001 0.013738095238095105 0.0149880952380953
01 0.11937500000000001 0.975 0.011242977528089879 0.009992977528089808
15 0.5543750000000001 0.534375 0.026245098039215597 0.028745098039215766
14 0.8656250000000001 0.45999999999999996 0.02120689655172414 0.017456896551724166
07 0.428125 0.230625 0.008728448275862055 0.03872844827586208
03 0.403125 0.745 0.03113636363636363 0.019886363636363757
04 0.521875 0.71625 0.02123579545454546 0.024985795454545268
20 0.6599999999999999 0.27249999999999996 0.01746951219512194 0.01246951219512199
