10 0.5675 0.9668749999999999 0.022483552631578974 0.018733552631578942
20 0.624375 0.13125 0.023741610738255092 0.01999161073825506
00 0.078125 0.6331249999999999 0.02120689655172414 0.023706896551724088
10 0.64625 0.34625 0.022494444444444373 0.019994444444444537
03 0.6575 0.5925 0.02248809523809514 0.05998809523809523
06 0.19499999999999998 0.22187324438202247 0.07999297752808987 0.07374648876404494
16 0.30125 0.306875 0.029995098039215684 0.051245098039215675
18 0.26749999999999996 0.4825 0.019956896551724113 0.022456896551724115
14 0.6431250000000001 0.506875 0.03872844827586208 0.038728448275862026
00 0.6325000000000001 0.89125 0.039886363636363664 0.03488636363636366
06 0.780625 0.933125 0.01873579545454529 0.08123579545454529
