03 0.913125 0.82375 0.016233552631578885 0.014983552631578911
10 0.085625 0.8875 0.018741610738255032 0.012491610738254888
18 0.22749999999999998 0.43062500000000004 0.007456896551724129 0.00870689655172413
06 0.055 0.50625 0.009994444444444445 0.039994444444444444
08 0.541875 0.7875 0.023738095238095225 0.027488095238095145
20 0.499375 0.13 0.013742977528089784 0.009992977528089891
10 0.425625 0.52875 0.011245098039215695 0.009995098039215722
11 0.353125 0.858125 0.01870689655172414 0.018706896551724084
03 0.5925 0.875 0.012478448275862086 0.0274784482758621
04 0.52625 0.40437500000000004 0.01738636363636359 0.018636363636363618
06 0.7856285511363637 0.9712464488636363 0.03374289772727268 0.004992897727272627
15 0.440625 0.335625 0.011219512195121961 0.013719512195122019
14 0.375625 0.27375000000000005 0.02123214285714281 0.02248214285714284
