18 0.47125 0.48062499999999997 0.022483552631578863 0.02373355263157889
01 0.354375 0.54 0.03624161073825505 0.027491610738255012
00 0.2225 0.874375 0.02995689655172412 0.018706896551724084
03 0.780625 0.019374999999999996 0.051244444444444426 0.02124444444444444
04 0.678125 0.27437500000000004 0.028738095238095118 0.02373809523809528
03 0.210625 0.1875 0.041242977528089864 0.04249297752808984
12 0.611875 0.040624999999999994 0.04124509803921572 0.046245098039215685
08 0.703125 0.6625 0.05620689655172417 0.014956896551724164
01 0.376875 0.840625 0.028728448275862073 0.018728448275862175
03 0.11125 0.65 0.037386363636363634 0.022386363636363704
