01 0.93875 0.628125 0.029983552631578925 0.02123355263157889
12 0.8612500000000001 0.6437499999999999 0.07249161073825483 0.07249161073825494
19 0.635625 0.47187500000000004 0.0387068965517241 0.058706896551724175
19 0.17875 0.885 0.052494444444444455 0.037494444444444275
09 0.30625 0.8674999999999999 0.05748809523809523 0.05248809523809517
14 0.18562499999999998 0.923125 0.021242977528089874 0.10374297752808981
06 0.259375 0.44875 0.051245098039215675 0.09249509803921568
13 0.6425000000000001 0.6975 0.10245689655172419 0.04495689655172419
11 0.21687499999999998 0.61375 0.04622844827586206 0.029978448275862046
16 0.7075 0.195 0.05988636363636379 0.042386363636363666
19 0.625 0.12562500000000001 0.047485795454545454 0.026235795454545477
