20 0.040625 0.569375 0.016233552631578954 0.013733552631578938
11 0.510625 0.141875 0.02624161073825504 0.021241610738255035
18 0.213125 0.738125 0.016206896551724137 0.018706896551724084
08 0.811875 0.919375 0.06874444444444427 0.023744444444444457
12 0.26937500000000003 0.860625 0.036238095238095236 0.03373809523809512
03 0.525 0.774375 0.029992977528089826 0.05874297752808988
15 0.560625 0.07125000000000001 0.03624509803921572 0.00999509803921568
03 0.15375 0.40875 0.024956896551724117 0.032456896551724124
06 0.760625 0.1875 0.036228448275862135 0.03497844827586205
10 0.8200000000000001 0.146875 0.03488636363636377 0.026136363636363624
06 0.275 0.734375 0.009985795454545476 0.026235795454545352
00 0.44125000000000003 0.879375 0.03246951219512201 0.028719512195122032
03 0.8825000000000001 0.7575000000000001 0.019982142857142837 0.01748214285714289
02 0.065003125 0.23625000000000002 0.04999375 0.017487500000000017
