12 0.530625 0.54 0.043733552631578965 0.037483552631578876
03 0.028749999999999998 0.108125 0.037491610738255035 0.031241610738255043
10 0.5875 0.93125 0.014956896551724164 0.014956896551724164
05 0.294375 0.308125 0.031244444444444408 0.026244444444444404
03 0.6281249999999999 0.13625 0.03623809523809518 0.00998809523809524
20 0.3775 0.329375 0.02499297752808982 0.023742977528089904
00 0.254375 0.86125 0.03624509803921566 0.03749509803921569
05 0.06937499999999999 0.923125 0.03620689655172414 0.023706896551724088
01 0.768125 0.135 0.013728448275862282 0.012478448275862059
20 0.113125 0.66625 0.01863636363636363 0.01738636363636381
12 0.035625 0.286875 0.04373579545454545 0.04873579545454548
12 0.6499999999999999 0.17062500000000003 0.03746951219512196 0.04871951219512197
