14 0.36 0.45687500000000003 0.022483552631578918 0.038733552631578905
09 0.21375 0.205625 0.04749161073825503 0.04624161073825506
07 0.9525 0.89375 0.03495689655172418 0.10245689655172419
11 0.6837500000000001 0.450625 0.03999444444444433 0.03124444444444452
10 0.56 0.40625 0.03498809523809532 0.03248809523809526
06 0.6056232443820224 0.360625 0.12374648876404493 0.041242977528089864
14 0.33999999999999997 0.8875 0.03499509803921569 0.07249509803921572
11 0.485 0.786875 0.03745689655172413 0.026206896551724146
04 0.40875 0.171875 0.032478448275862104 0.028728448275862073
04 0.934375 0.561875 0.0336363636363638 0.031136363636363518
00 0.5231250000000001 0.901875 0.033735795454545525 0.0287357954545453
04 0.971875 0.155625 0.03121951219512198 0.023719512195121972
12 0.13 0.36312500000000003 0.049982142857142864 0.048732142857142835
20 0.9468749999999999 0.101875 0.02873749999999997 0.028737500000000013
