01 0.526875 0.964375 0.043733552631578965 0.02873355263157884
15 0.23812499999999998 0.589375 0.15624161073825502 0.101241610738255
07 0.65625 0.421875 0.049956896551724084 0.053706896551724115
14 0.271875 0.845 0.02624444444444446 0.07749444444444431
03 0.2575 0.8400000000000001 0.08998809523809526 0.08498809523809514
10 0.22875 0.749375 0.04499297752808987 0.04124297752808981
07 0.90375 0.9375 0.05499509803921565 0.05249509803921559
18 0.254375 0.768125 0.03870689655172413 0.04120689655172416
20 0.5743750000000001 0.713125 0.036228448275862024 0.02372844827586218
03 0.91875 0.765 0.07738636363636375 0.04238636363636372
01 0.0375 0.24875 0.027485795454545454 0.017485795454545483
10 0.2975 0.650625 0.04496951219512196 0.028719512195122032
00 0.07875000000000001 0.280625 0.05998214285714286 0.061232142857142846
06 0.22875 0.35624999999999996 0.03748750000000001 0.034987500000000005
