03 0.506875 0.611875 0.0337335526315789 0.0362335526315789
07 0.7837520973154363 0.716875 0.037495805369127444 0.031241610738254932
13 0.8325 0.5800000000000001 0.049956896551724084 0.0749568965517241
03 0.9212499999999999 0.18625 0.027494444444444377 0.039994444444444444
18 0.798125 0.04625 0.02623809523809517 0.02998809523809523
15 0.918125 0.38125 0.016242977528089897 0.04249297752808984
11 0.9412499999999999 0.718125 0.03499509803921563 0.03624509803921572
07 0.06626077586206897 0.690625 0.08747844827586207 0.08620689655172409
04 0.6625 0.63625 0.032478448275862215 0.032478448275862104
03 0.744375 0.17875 0.06613636363636366 0.03488636363636366
14 0.458125 0.8975 0.04373579545454542 0.027485795454545325
