10 0.311875 0.36312500000000003 0.031233552631578954 0.02373355263157889
02 0.88125 0.6124999999999999 0.03499161073825485 0.07249161073825494
08 0.8725 0.763125 0.05245689655172414 0.036206896551724044
01 0.340625 0.01875 0.02124444444444451 0.014994444444444442
05 0.44375 0.044375 0.037488095238095265 0.033738095238095234
06 0.975625 0.6675 0.04624297752808981 0.12249297752808985
13 0.5225 0.38687499999999997 0.047495098039215644 0.05624509803921568
18 0.41000000000000003 0.60875 0.024956896551724117 0.02745689655172412
04 0.7125 0.93125 0.03497844827586216 0.04497844827586217
04 0.683125 0.59875 0.0386363636363638 0.029886363636363544
00 0.7175 0.98375 0.029985795454545272 0.027485795454545325
