08 0.29 0.9675 0.03248355263157898 0.027483552631578867
01 0.330625 0.775625 0.018741610738255088 0.01624161073825492
00 0.12125 0.646875 0.02745689655172412 0.028706896551724093
03 0.7949999999999999 0.029375000000000002 0.027494444444444377 0.05124444444444445
20 0.7875000000000001 0.109375 0.02248809523809514 0.016238095238095246
20 0.7437499999999999 0.39125 0.022492977528089875 0.01749297752808987
11 0.2225 0.4825 0.029995098039215684 0.027495098039215682
09 0.051250000000000004 0.124375 0.024956896551724145 0.021206896551724114
14 0.9 0.64875 0.024978448275862153 0.03497844827586216
15 0.44625000000000004 0.15500000000000003 0.04488636363636361 0.03488636363636363
15 0.32125000000000004 0.5862499999999999 0.01998579545454543 0.06998579545454542
05 0.186875 0.078125 0.03121951219512198 0.03871951219512194
01 0.021875 0.33875 0.018732142857142857 0.017482142857142835
10 0.468125 0.030625 0.026237500000000025 0.018737500000000004
