18 0.095 0.696875 0.024983552631578948 0.02873355263157884
17 0.173125 0.305 0.04624161073825506 0.027491610738255012
15 0.140625 0.499375 0.06120689655172412 0.026206896551724146
11 0.400625 0.53 0.04124444444444453 0.0374944444444445
06 0.19500297619047618 0.936875 0.09249404761904761 0.01873809523809511
13 0.33375 0.3325 0.17499297752808984 0.034992977528089886
14 0.776875 0.139375 0.038745098039215664 0.036245098039215704
18 0.504375 0.313125 0.0237068965517242 0.026206896551724146
19 0.389375 0.40249999999999997 0.023728448275862013 0.03747844827586205
04 0.638125 0.161875 0.03113636363636374 0.028636363636363654
00 0.31 0.1075 0.027485795454545436 0.019985795454545457
16 0.12687500000000002 0.44375 0.04621951219512195 0.04996951219512197
11 0.683125 0.35 0.03873214285714277 0.02998214285714279
06 0.074371875 0.166875 0.05874375000000001 0.07873750000000002
