07 0.016875 0.5237499999999999 0.016233552631578947 0.08498355263157886
14 0.9175 0.963125 0.03999161073825497 0.04374161073825489
00 0.429375 0.950625 0.036206896551724155 0.03120689655172415
19 0.588125 0.9493750000000001 0.02124444444444451 0.031244444444444297
00 0.665 0.735625 0.037488095238095154 0.03623809523809518
00 0.6125 0.3825 0.03499297752808983 0.02749297752808988
15 0.906875 0.5431250000000001 0.028745098039215655 0.03374509803921566
01 0.479375 0.609375 0.0387068965517241 0.04120689655172405
06 0.231875 0.731875 0.041228448275862056 0.11372844827586215
02 0.74125 0.5081249999999999 0.05988636363636368 0.03113636363636363
06 0.41812499999999997 0.416875 0.01623579545454551 0.02373579545454546
15 0.823125 0.153125 0.016219512195122077 0.03121951219512198
01 0.07625000000000001 0.21437499999999998 0.024982142857142856 0.02123214285714284
20 0.310625 0.3125 0.016237500000000016 0.01748749999999999
