00 0.748125 0.135 0.026233552631578894 0.02998355263157894
16 0.041875 0.705 0.02624161073825503 0.042491610738254915
00 0.074375 0.7593749999999999 0.02870689655172414 0.023706896551724088
20 0.294375 0.489375 0.016244444444444395 0.016244444444444506
11 0.7625 0.180625 0.02248809523809514 0.021238095238095278
00 0.22999999999999998 0.473125 0.019992977528089845 0.023742977528089848
01 0.2875 0.04375 0.012495098039215724 0.009995098039215687
03 0.625625 0.744375 0.018706896551724084 0.018706896551724084
11 0.8981250000000001 0.385 0.028728448275862184 0.01747844827586209
10 0.17375000000000002 0.6287499999999999 0.027386363636363653 0.019886363636363646
03 0.50875 0.3225 0.027485795454545436 0.037485795454545445
06 0.874375 0.65375 0.043719512195121935 0.07496951219512205
17 0.71375 0.1225 0.02498214285714284 0.02998214285714286
01 0.451875 0.19 0.031237499999999974 0.024987499999999996
