00 0.155625 0.433125 0.04623355263157897 0.0337335526315789
13 0.46375 0.45125000000000004 0.06249161073825504 0.08499161073825506
08 0.733125 0.28374999999999995 0.05120689655172417 0.034956896551724126
00 0.59875 0.47562499999999996 0.04999444444444445 0.03374444444444452
01 0.955625 0.7675 0.058738095238095034 0.05998809523809512
03 0.289375 0.65375 0.03374297752808986 0.04499297752808984
12 0.8418762254901961 0.55125 0.06624754901960783 0.059995098039215655
03 0.51875 0.1375 0.09245689655172412 0.08745689655172413
13 0.131875 0.805 0.02872844827586206 0.022478448275862206
00 0.9068750000000001 0.548125 0.026136363636363735 0.02113636363636362
04 0.29437500000000005 0.185 0.03373579545454547 0.04498579545454545
02 0.2025 0.735 0.057469512195122 0.0349695121951219
15 0.464375 0.6681250000000001 0.028732142857142817 0.05123214285714284
01 0.7949999999999999 0.583125 0.029987499999999945 0.023737499999999967
