08 0.248125 0.311875 0.018733552631578998 0.02623355263157895
14 0.7012499999999999 0.495625 0.00999161073825483 0.02624161073825504
03 0.41812499999999997 0.2875 0.05120689655172411 0.03995689655172413
18 0.037500000000000006 0.58125 0.017494444444444444 0.019994444444444537
04 0.9493750000000001 0.380625 0.023738095238095114 0.021238095238095278
20 0.525625 0.4375 0.018742977528089844 0.014992977528089813
01 0.37875000000000003 0.85625 0.01499509803921567 0.017495098039215673
04 0.08875 0.45375 0.022456896551724143 0.022456896551724115
06 0.14250000000000002 0.419375 0.024999999999999994 0.06872844827586211
07 0.33125 0.603125 0.012386363636363584 0.05613636363636365
