15 0.415 0.9293750000000001 0.019983552631578916 0.033733552631578845
03 0.32875 0.7725 0.05749161073825504 0.022491610738254897
06 0.21875 0.20500000000000002 0.02745689655172412 0.012456896551724134
03 0.864375 0.6381249999999999 0.018744444444444452 0.02874444444444446
09 0.731875 0.4775 0.023738095238095114 0.03248809523809526
14 0.521875 0.643125 0.028742977528089853 0.026242977528089795
14 0.360625 0.6231249999999999 0.043745098039215724 0.028745098039215766
14 0.959364224137931 0.77875 0.02372844827586207 0.012456896551724106
06 0.6837500000000001 0.44625000000000004 0.0949784482758621 0.02247844827586204
07 0.728125 0.053125 0.05113636363636376 0.041136363636363624
09 0.428125 0.63625 0.018735795454545456 0.02498579545454538
