03 0.8943708881578947 0.171875 0.06124177631578942 0.031233552631578954
07 0.34750000000000003 0.155 0.07999161073825506 0.07249161073825505
18 0.5900000000000001 0.731875 0.022456896551724115 0.026206896551724035
10 0.44 0.980625 0.029994444444444546 0.0212444444444444
01 0.7324999999999999 0.518125 0.019988095238095194 0.021238095238095167
03 0.743125 0.984375 0.036242977528089804 0.018742977528089844
08 0.65875 0.04875 0.009995098039215722 0.04749509803921569
08 0.8125 0.578125 0.0549568965517242 0.0387068965517241
08 0.6775053879310344 0.620625 0.032489224137931094 0.05122844827586215
14 0.62125 0.354375 0.037386363636363606 0.07113636363636361
