12 0.645 0.7262500000000001 0.04498355263157894 0.03248355263157887
03 0.160625 0.95 0.03874161073825505 0.017491610738254892
10 0.65125 0.059375 0.022456896551724226 0.01870689655172414
04 0.750625 0.083125 0.016244444444444284 0.018744444444444452
03 0.065 0.87625 0.017488095238095226 0.019988095238095083
03 0.48437675561797755 0.13999999999999999 0.006246488764044933 0.06749297752808986
18 0.901875 0.818125 0.0162450980392157 0.018745098039215646
05 0.8200000000000001 0.5231250000000001 0.014956896551724053 0.023706896551724088
20 0.74375 0.478125 0.00997844827586225 0.011228448275862057
20 0.1775 0.8356250000000001 0.019886363636363674 0.018636363636363673
04 0.775 0.415625 0.019985795454545263 0.01623579545454551
