17 0.506875 0.59875 0.026233552631578838 0.027483552631578867
06 0.11 0.818125 0.012491610738255055 0.021241610738254924
14 0.27125 0.27937500000000004 0.02745689655172412 0.013706896551724135
01 0.46499999999999997 0.42 0.014994444444444477 0.012494444444444475
14 0.69625 0.7418750000000001 0.012488095238095132 0.03623809523809507
11 0.475 0.6225 0.02249297752808982 0.022492977528089875
15 0.5050012254901961 0.621875 0.029997549019607883 0.013745098039215642
07 0.973125 0.22062500000000002 0.026206896551724146 0.013706896551724107
08 0.5675 0.47625 0.012478448275861975 0.029978448275862046
11 0.080625 0.469375 0.021136363636363634 0.018636363636363618
13 0.925 0.7775000000000001 0.05248579545454535 0.034985795454545277
