03 0.6699999999999999 0.489375 0.06998355263157896 0.05123355263157886
02 0.49375 0.30937499999999996 0.06249161073825499 0.07624161073825503
15 0.18375 0.92 0.032456896551724124 0.057456896551724146
03 0.590625 0.6693749999999999 0.17624444444444443 0.08124444444444445
12 0.18125000000000002 0.42874999999999996 0.07498809523809527 0.059988095238095285
20 0.369375 0.59125 0.031242977528089855 0.022492977528089875
03 0.67125 0.9512499999999999 0.04499509803921575 0.03999509803921575
14 0.935 0.713125 0.06245689655172415 0.05870689655172412
11 0.51625 0.354375 0.06497844827586213 0.04122844827586203
03 0.674375 0.5606249999999999 0.0486363636363637 0.03613636363636352
