09 0.15687500000000001 0.025625 0.031233552631578954 0.028733552631578944
03 0.30625 0.458125 0.027491610738255068 0.043741610738255055
12 0.7281249999999999 0.9693750000000001 0.0337068965517241 0.03120689655172415
20 0.12375 0.7106250000000001 0.017494444444444465 0.01874444444444434
15 0.8875 0.94 0.03248809523809515 0.029988095238095203
10 0.078125 0.6581250000000001 0.0212429775280899 0.0212429775280899
06 0.6875 0.563125 0.04499509803921575 0.06124509803921563
02 0.065 0.59625 0.03745689655172414 0.02495689655172406
20 0.916875 0.053125000000000006 0.026228448275862126 0.021228448275862073
15 0.498125 0.305 0.033636363636363575 0.029886363636363655
14 0.44250355113636364 0.459375 0.017492897727272694 0.011235795454545505
02 0.594375 0.693125 0.04871951219512205 0.04871951219512205
