10 0.820625 0.656875 0.04623355263157891 0.043733552631578965
15 0.18875 0.7175 0.04499161073825503 0.017491610738254892
14 0.19624999999999998 0.92625 0.07245689655172413 0.032456896551724124
03 0.796875 0.66625 0.05374444444444437 0.017494444444444368
03 0.9456249999999999 0.47875 0.03623809523809507 0.04748809523809522
14 0.71 0.66625 0.04499297752808984 0.0474929775280899
12 0.735 0.6543749999999999 0.03999509803921564 0.04124509803921572
17 0.21875 0.705625 0.04995689655172414 0.04870689655172422
16 0.50375 0.11875 0.05997844827586207 0.04497844827586206
06 0.364375 0.87625 0.10863636363636364 0.03238636363636371
01 0.16249999999999998 0.835 0.019985795454545457 0.014985795454545259
