11 0.62375 0.435 0.047483552631578885 0.03248355263157887
13 0.28125 0.529375 0.17749161073825503 0.19624161073825502
14 0.400625 0.16062500000000002 0.07370689655172413 0.056206896551724145
05 0.2625 0.7075 0.029994444444444435 0.05999444444444435
10 0.235625 0.35625 0.056238095238095254 0.05248809523809528
03 0.3031232443820224 0.80625 0.05374648876404492 0.039992977528089835
04 0.8218749999999999 0.6475 0.05124509803921573 0.04999509803921576
03 0.3525 0.7462500000000001 0.05245689655172414 0.04245689655172413
20 0.740625 0.799375 0.03122844827586224 0.021228448275862122
15 0.596846590909091 0.095625 0.05119318181818178 0.03363636363636363
11 0.839375 0.536875 0.04623579545454537 0.04873579545454554
