03 0.534375 0.9175 0.051233552631578916 0.014983552631578911
11 0.843125 0.6187499999999999 0.056241610738254844 0.02999161073825507
03 0.54 0.10250000000000001 0.04245689655172413 0.04995689655172415
07 0.7462500000000001 0.1375 0.0624944444444443 0.029994444444444462
01 0.095 0.90125 0.02998809523809523 0.02248809523809503
02 0.650625 0.961875 0.036242977528089915 0.04624297752808981
12 0.44875 0.206875 0.06249509803921566 0.0787450980392157
07 0.37626077586206896 0.265625 0.05497844827586207 0.016206896551724137
08 0.05999461206896552 0.9312499999999999 0.06748922413793104 0.03747844827586222
03 0.6875 0.19187500000000002 0.057386363636363846 0.051136363636363674
06 0.09562499999999999 0.2225 0.013735795454545466 0.08998579545454549
11 0.7849999999999999 0.6468750000000001 0.04496951219512202 0.04621951219512199
