10 0.878125 0.095 0.05873355263157898 0.05748355263157895
03 0.44375 0.084375 0.04249161073825508 0.03874161073825505
13 0.86125 0.754375 0.08995689655172412 0.07370689655172413
10 0.145625 0.33875 0.053744444444444456 0.062494444444444464
01 0.6074999999999999 0.628125 0.029988095238095203 0.026238095238095394
07 0.47875 0.89375 0.06749297752808991 0.01749297752808987
04 0.370625 0.5406249999999999 0.051245098039215675 0.04374509803921567
20 0.30625 0.21375 0.02995689655172412 0.022456896551724115
19 0.22249999999999998 0.020625 0.019978448275862065 0.02872844827586207
14 0.49124999999999996 0.37 0.12238636363636357 0.0848863636363636
