13 0.200625 0.943125 0.08623355263157897 0.04123355263157891
16 0.871875 0.32625 0.0637416107382549 0.042491610738255026
07 0.78 0.605 0.04495689655172408 0.02745689655172412
08 0.111875 0.146875 0.05374444444444447 0.023744444444444457
07 0.274375 0.41000000000000003 0.016238095238095274 0.08748809523809525
03 0.38 0.736875 0.03749297752808989 0.07874297752808979
03 0.8943749999999999 0.9493750000000001 0.05124509803921573 0.05124509803921573
04 0.913125 0.423125 0.04870689655172411 0.03870689655172416
00 0.218125 0.429375 0.038728448275862054 0.03372844827586208
03 0.436875 0.8981250000000001 0.033636363636363575 0.016136363636363726
