07 0.273125 0.724375 0.03873355263157896 0.07373355263157899
08 0.313125 0.7506250000000001 0.04624161073825506 0.038741610738254884
00 0.973125 0.771875 0.028706896551724093 0.026206896551724146
19 0.745 0.5625 0.037494444444444275 0.027494444444444488
10 0.62375 0.38125 0.02248809523809525 0.01998809523809525
14 0.9493750000000001 0.83375 0.043742977528089866 0.024992977528089932
11 0.54625 0.6443749999999999 0.027495098039215682 0.021245098039215704
20 0.524375 0.6112500000000001 0.026206896551724146 0.02495689655172406
06 0.7775 0.6237446120689656 0.09497844827586222 0.04498922413793116
14 0.9475 0.10062499999999999 0.019886363636363757 0.021136363636363634
02 0.805625 0.26249999999999996 0.01873579545454529 0.03998579545454545
00 0.85 0.65 0.019969512195121997 0.019969512195121997
03 0.11624999999999999 0.8175 0.05998214285714286 0.0374821428571428
18 0.8175 0.11499999999999999 0.0174875000000001 0.019987500000000005
