00 0.476875 0.09687499999999999 0.04123355263157891 0.026233552631578935
03 0.246875 0.951875 0.031241610738255043 0.026241610738254928
09 0.378125 0.205625 0.036206896551724155 0.028706896551724148
16 0.954375 0.7949999999999999 0.03874444444444436 0.05999444444444435
12 0.775625 0.393125 0.048738095238095136 0.04873809523809525
09 0.893125 0.47 0.04624297752808981 0.054992977528089904
17 0.369375 0.279375 0.03374509803921566 0.05374509803921568
20 0.07625 0.515625 0.017456896551724138 0.018706896551724084
04 0.80375 0.85625 0.042478448275862224 0.02747844827586221
13 0.7168749999999999 0.40375 0.0961363636363638 0.06488636363636358
02 0.046875 0.620625 0.03623579545454545 0.02873579545454552
