09 0.16375 0.8456250000000001 0.04748355263157894 0.03873355263157896
14 0.593125 0.76625 0.028741610738254986 0.022491610738254897
04 0.49874999999999997 0.55125 0.032456896551724124 0.024956896551724173
04 0.50125 0.42125 0.027494444444444488 0.022494444444444484
09 0.06625 0.31375 0.04498809523809523 0.07248809523809524
10 0.19374999999999998 0.06 0.032492977528089856 0.022492977528089896
09 0.52125 0.291875 0.0449950980392157 0.06624509803921569
07 0.928125 0.6468750000000001 0.01370689655172419 0.05120689655172417
14 0.174375 0.33375 0.028728448275862073 0.04747844827586206
03 0.265625 0.6737500000000001 0.028636363636363682 0.012386363636363806
18 0.09875 0.344375 0.022485795454545474 0.02373579545454546
15 0.0625 0.326875 0.04246951219512194 0.02621951219512203
06 0.34875 0.6581250000000001 0.07748214285714283 0.10123214285714288
09 0.055624999999999994 0.950625 0.0412375 0.036237500000000034
