18 0.359375 0.5062500000000001 0.018733552631578942 0.019983552631578916
04 0.718125 0.104375 0.021241610738254924 0.018741610738255046
04 0.018125000000000002 0.25375000000000003 0.021206896551724138 0.022456896551724143
16 0.5843750000000001 0.2975 0.04124444444444453 0.029994444444444435
01 0.65625 0.3425 0.01498809523809519 0.012488095238095298
17 0.24125000000000002 0.468125 0.02499297752808985 0.031242977528089855
07 0.32125000000000004 0.5375000000000001 0.012495098039215724 0.042495098039215695
06 0.209375 0.558125 0.02120689655172414 0.09870689655172415
09 0.509375 0.08875 0.026228448275862126 0.024978448275862056
03 0.2906534090909091 0.091875 0.02119318181818186 0.016136363636363643
05 0.62375 0.6525 0.027485795454545436 0.029985795454545494
13 0.846875 0.24625000000000002 0.043719512195122046 0.057469512195122
