03 0.16999999999999998 0.78375 0.03998355263157896 0.09248355263157892
10 0.6781250000000001 0.236875 0.028741610738254875 0.021241610738255035
03 0.305 0.9299999999999999 0.06245689655172415 0.057456896551724035
09 0.37625 0.979375 0.024994444444444486 0.033744444444444355
15 0.9768749999999999 0.525625 0.01623809523809505 0.023738095238095225
13 0.85875 0.69 0.06999297752808986 0.0524929775280899
18 0.473125 0.44125000000000003 0.023745098039215706 0.02499509803921568
02 0.108125 0.303125 0.04620689655172412 0.028706896551724148
15 0.16312500000000002 0.8043750000000001 0.05372844827586207 0.056228448275862264
13 0.36375 0.9475 0.09488636363636366 0.047386363636363726
