04 0.2575 0.46062499999999995 0.029983552631578952 0.028733552631578896
01 0.706875 0.50375 0.02374161073825487 0.01749161073825506
20 0.8125 0.7481249999999999 0.01745689655172411 0.018706896551724195
06 0.8162499999999999 0.239375 0.06749444444444441 0.023744444444444457
08 0.346875 0.8512500000000001 0.021238095238095278 0.027488095238095034
03 0.946875 0.33062499999999995 0.03874297752808986 0.02624297752808985
11 0.44375 0.6481250000000001 0.02499509803921568 0.026245098039215597
10 0.351875 0.8975 0.028706896551724093 0.02745689655172412
14 0.149375 0.756875 0.018728448275862064 0.036228448275862246
13 0.44375 0.268125 0.07238636363636358 0.026136363636363624
03 0.09 0.2025 0.012485795454545465 0.029985795454545466
06 0.129375 0.82125 0.061219512195121936 0.04496951219512202
15 0.81875 0.94625 0.022482142857142895 0.022482142857142784
