11 0.050625 0.6937500000000001 0.02623355263157895 0.03248355263157887
00 0.774375 0.48624999999999996 0.02374161073825487 0.022491610738255063
06 0.038125000000000006 0.559375 0.01120689655172414 0.07870689655172414
15 0.808125 0.41000000000000003 0.0212444444444444 0.014994444444444477
16 0.669375 0.5856250000000001 0.03373809523809512 0.026238095238095283
11 0.6856249999999999 0.756875 0.023742977528089848 0.026242977528089795
11 0.61625 0.33875 0.027495098039215682 0.029995098039215684
06 0.1525 0.175 0.019956896551724113 0.04995689655172411
03 0.916875 0.884375 0.016228448275862117 0.021228448275862233
18 0.25812500000000005 0.6400000000000001 0.01613636363636367 0.019886363636363646
06 0.49687500000000007 0.45812144886363637 0.0637357954545455 0.031242897727272734
