02 0.4075 0.51 0.062483552631578954 0.02498355263157892
16 0.97 0.44625000000000004 0.03499161073825485 0.03749161073825508
14 0.600625 0.503125 0.02120689655172414 0.0262068965517242
02 0.825625 0.641875 0.02874444444444435 0.043744444444444364
13 0.6100000000000001 0.264375 0.027488095238095256 0.08623809523809528
14 0.150625 0.6793750000000001 0.023742977528089876 0.04624297752808981
09 0.713125 0.19437500000000002 0.021245098039215704 0.0512450980392157
12 0.5325 0.9450000000000001 0.05995689655172409 0.05245689655172414
08 0.64 0.10625 0.05997844827586207 0.017478448275862063
13 0.79 0.765 0.10738636363636378 0.08238636363636376
10 0.0975 0.365 0.024985795454545462 0.02498579545454549
03 0.299375 0.056874999999999995 0.023719512195122028 0.04121951219512195
