00 0.653125 0.473125 0.016233552631578885 0.013733552631578883
04 0.43875 0.728125 0.02499161073825501 0.021241610738254924
19 0.873125 0.84625 0.016206896551724137 0.01745689655172422
14 0.38312500000000005 0.12125 0.018744444444444508 0.024994444444444472
07 0.09187500000000001 0.8899999999999999 0.04623809523809523 0.054988095238095114
10 0.304375 0.8206249999999999 0.028742977528089853 0.011242977528089892
02 0.905625 0.2712487745098039 0.04124509803921561 0.027497549019607825
08 0.10188577586206897 0.43562500000000004 0.02622844827586207 0.00870689655172413
03 0.106875 0.12375 0.021228448275862066 0.049978448275862064
20 0.61125 0.6174999999999999 0.00738636363636358 0.009886363636363638
08 0.24062499999999998 0.043125 0.008735795454545475 0.033735795454545456
15 0.778125 0.6000000000000001 0.008719512195121903 0.014969512195121992
16 0.675 0.536875 0.03248214285714279 0.02373214285714287
08 0.34187500000000004 0.9325 0.04123749999999998 0.014987499999999931
