01 0.9918750000000001 0.34625 0.013733552631578827 0.012483552631578854
14 0.329375 0.07250000000000001 0.016241610738255086 0.027491610738255047
09 0.663125 0.168125 0.016206896551724137 0.026206896551724146
15 0.6856249999999999 0.6425 0.01124444444444428 0.022494444444444373
18 0.38187499999999996 0.25375000000000003 0.018738095238095276 0.01998809523809525
08 0.6025 0.23875000000000002 0.032492977528089884 0.02499297752808985
06 0.48312622549019607 0.44562500000000005 0.06374754901960789 0.013745098039215697
15 0.2575 0.2425 0.02495689655172409 0.01745689655172411
12 0.34875 0.306875 0.024978448275862042 0.028728448275862073
18 0.5925 0.6225 0.01738636363636359 0.019886363636363646
20 0.68625 0.435 0.019985795454545374 0.01498579545454548
06 0.0225 0.59125 0.009969512195121953 0.03246951219512206
