04 0.805625 0.856875 0.06373355263157887 0.05623355263157881
15 0.20625 0.05500000000000001 0.08249161073825503 0.06499161073825505
10 0.765625 0.841875 0.05870689655172412 0.026206896551724146
14 0.199375 0.82375 0.048744444444444424 0.07249444444444442
14 0.175 0.910625 0.06748809523809526 0.048738095238095136
17 0.38625 0.204375 0.07499297752808987 0.06624297752808983
07 0.733125 0.485 0.06624509803921574 0.03749509803921569
03 0.8725 0.189375 0.09495689655172412 0.06620689655172413
10 0.24 0.255 0.05497844827586207 0.03747844827586208
04 0.954375 0.958125 0.061136363636363766 0.04113636363636375
