06 0.3275 0.300625 0.014983552631578911 0.04623355263157891
03 0.6425 0.863125 0.032491610738254906 0.031241610738254932
04 0.625625 0.7925 0.028706896551724093 0.01745689655172411
05 0.839375 0.555625 0.031244444444444408 0.016244444444444506
06 0.516875 0.27125 0.013738095238095216 0.029988095238095258
20 0.26375000000000004 0.6950000000000001 0.019992977528089872 0.014992977528089813
07 0.106875 0.200625 0.031245098039215685 0.018745098039215702
03 0.444989224137931 0.181875 0.04497844827586206 0.026206896551724118
00 0.37875000000000003 0.4325 0.014978448275862088 0.014978448275862033
04 0.179375 0.5762499999999999 0.02613636363636368 0.019886363636363646
08 0.18875 0.22312500000000002 0.022485795454545487 0.058735795454545464
14 0.94375 0.806875 0.05496951219512192 0.028719512195122032
