18 0.53 0.59125 0.014983552631578911 0.01748355263157897
19 0.940625 0.586875 0.008741610738254857 0.01624161073825503
20 0.941875 0.8925000000000001 0.016206896551724137 0.012456896551724106
18 0.464375 0.141875 0.013744444444444504 0.01624444444444445
10 0.6956249999999999 0.354375 0.021238095238095167 0.023738095238095225
01 0.15875 0.591875 0.022492977528089875 0.018742977528089844
09 0.46875 0.686875 0.0474950980392157 0.028745098039215655
15 0.230625 0.565625 0.02120689655172414 0.011206896551724133
01 0.233125 0.66625 0.021228448275862066 0.022478448275862206
04 0.190625 0.3075 0.021136363636363648 0.022386363636363704
11 0.8175 0.768125 0.02498579545454538 0.016235795454545232
08 0.345 0.575625 0.009969512195121932 0.018719512195121912
04 0.9375 0.35062499999999996 0.019982142857142726 0.01623214285714286
