15 0.2475 0.169375 0.06748355263157899 0.04873355263157894
02 0.72 0.5725 0.09749161073825485 0.06249161073825504
01 0.961875 0.321875 0.0337068965517241 0.021206896551724086
09 0.46125 0.49687499999999996 0.06499444444444447 0.0662444444444445
02 0.784375 0.816875 0.08373809523809517 0.058738095238095145
00 0.3275 0.28625 0.08749297752808988 0.05999297752808985
05 0.36375 0.17125 0.0474950980392157 0.04749509803921567
18 0.410625 0.5249999999999999 0.05120689655172411 0.05495689655172409
02 0.591875 0.34562499999999996 0.13872844827586217 0.17872844827586204
14 0.3175 0.41125 0.04738636363636367 0.1448863636363636
