11 0.373125 0.47625 0.031233552631578898 0.027483552631578867
06 0.08125 0.5475 0.05499161073825504 0.01249161073825511
07 0.515625 0.47375 0.04370689655172416 0.04745689655172414
18 0.231875 0.23562499999999997 0.018744444444444425 0.021244444444444427
08 0.479375 0.6287499999999999 0.041238095238095296 0.03248809523809515
09 0.67875 0.5275000000000001 0.019992977528089817 0.022492977528089875
04 0.503125 0.581875 0.026245098039215764 0.018745098039215646
10 0.549375 0.12375 0.028706896551724204 0.02745689655172412
14 0.66625 0.926875 0.022478448275862206 0.018728448275862286
10 0.8143750000000001 0.454375 0.016136363636363726 0.021136363636363564
06 0.616875 0.043746448863636364 0.07373579545454545 0.08749289772727273
15 0.0875 0.9606250000000001 0.012469512195121948 0.02871951219512192
04 0.74875 0.510625 0.029982142857142846 0.031232142857142875
