06 0.29125 0.42875 0.0699835526315789 0.019983552631578916
11 0.613125 0.79125 0.02624161073825504 0.024991610738254844
06 0.22061422413793103 0.43999999999999995 0.06872844827586208 0.03995689655172413
11 0.409375 0.5762499999999999 0.02124444444444451 0.014994444444444421
03 0.173125 0.495625 0.016238095238095274 0.026238095238095338
04 0.655625 0.125 0.026242977528089906 0.019992977528089886
03 0.34875 0.203125 0.03749509803921569 0.02874509803921571
12 0.6625 0.1375 0.04495689655172419 0.039956896551724144
07 0.58875 0.63 0.024978448275862153 0.057478448275862126
06 0.640625 0.6825 0.011136363636363611 0.08238636363636376
20 0.375 0.739375 0.022485795454545432 0.01873579545454529
04 0.06625 0.19374999999999998 0.027469512195121948 0.024969512195121973
03 0.041874999999999996 0.369375 0.031232142857142854 0.03123214285714282
20 0.52625 0.204375 0.02498749999999994 0.023737500000000022
