18 0.8656250000000001 0.920625 0.018733552631578942 0.02123355263157889
05 0.41375 0.534375 0.03249161073825502 0.018741610738255088
15 0.051260775862068966 0.8812500000000001 0.019978448275862072 0.022456896551724115
13 0.746875 0.941875 0.06624444444444444 0.04124444444444442
03 0.04375 0.826875 0.04748809523809523 0.013738095238095105
11 0.9668749999999999 0.16562499999999997 0.03124297752808991 0.023742977528089876
01 0.3125 0.8325 0.01999509803921573 0.014995098039215726
07 0.44437499999999996 0.53 0.01870689655172414 0.07745689655172416
11 0.2975 0.049375 0.02247844827586204 0.016228448275862062
01 0.095625 0.28 0.016136363636363643 0.014886363636363698
08 0.32999999999999996 0.9725 0.017485795454545483 0.04748579545454534
14 0.91125 0.09 0.014969512195121881 0.01996951219512194
13 0.239375 0.696875 0.06873214285714283 0.1312321428571428
03 0.42875 0.24812499999999998 0.14998750000000005 0.046237500000000015
