08 0.718125 0.75 0.09123355263157884 0.047483552631578885
01 0.788125 0.9293750000000001 0.03624161073825494 0.03624161073825494
14 0.18062499999999998 0.13187500000000002 0.046206896551724136 0.03620689655172413
15 0.7168749999999999 0.62125 0.021244444444444288 0.02499444444444454
06 0.328125 0.755625 0.10123809523809524 0.02623809523809517
03 0.076875 0.541875 0.06624297752808989 0.0312429775280898
05 0.4118762254901961 0.864375 0.026247549019607852 0.04124509803921561
00 0.635625 0.71 0.036206896551724155 0.03495689655172407
10 0.33125000000000004 0.111875 0.027478448275862044 0.02622844827586207
18 0.5406249999999999 0.678125 0.02113636363636362 0.023636363636363678
04 0.74375 0.9493750000000001 0.027485795454545325 0.0337357954545453
