18 0.8825000000000001 0.450625 0.019983552631578916 0.02123355263157889
07 0.356875 0.095 0.013741610738255083 0.047491610738255044
04 0.145625 0.65375 0.02870689655172412 0.019956896551724168
20 0.7112499999999999 0.25 0.014994444444444421 0.01749444444444445
07 0.23124702380952383 0.13375 0.019994047619047634 0.04748809523809523
09 0.06 0.213125 0.022492977528089896 0.04874297752808984
02 0.18125 0.369375 0.03499509803921569 0.023745098039215706
04 0.89125 0.03875000000000001 0.029956896551724066 0.029956896551724142
01 0.174375 0.3075 0.02372844827586207 0.022478448275862095
20 0.125 0.909375 0.014886363636363642 0.01363636363636378
15 0.26875 0.36875 0.019985795454545485 0.022485795454545487
