08 0.7406250000000001 0.921875 0.07123355263157893 0.05623355263157892
18 0.861875 0.8125 0.03624161073825494 0.0374916107382548
06 0.45375 0.8474999999999999 0.10995689655172414 0.032456896551724124
02 0.53 0.845 0.029994444444444546 0.06499444444444435
03 0.365 0.674375 0.02248809523809525 0.03373809523809512
14 0.42625 0.42375 0.05999297752808985 0.07499297752808987
05 0.97125 0.619375 0.027495098039215793 0.04374509803921578
00 0.37687499999999996 0.04125 0.03370689655172415 0.02995689655172414
01 0.48624999999999996 0.8125 0.027478448275862044 0.024978448275862153
04 0.27125 0.9512499999999999 0.042386363636363666 0.03488636363636377
09 0.731875 0.421875 0.03873579545454542 0.033735795454545414
05 0.65125 0.6543749999999999 0.02496951219512189 0.056219512195122
