06 0.374375 0.9375 0.04623355263157891 0.06248355263157901
03 0.14875 0.6156250000000001 0.014991610738255057 0.018741610738255088
06 0.6481250000000001 0.039375 0.07120689655172419 0.05870689655172413
18 0.176875 0.12062500000000001 0.018744444444444425 0.02124444444444447
12 0.7525 0.1025 0.03248809523809515 0.03248809523809523
10 0.59 0.251875 0.02749297752808988 0.01874297752808987
20 0.8518749999999999 0.19437500000000002 0.021245098039215704 0.021245098039215676
11 0.68625 0.6868749999999999 0.029956896551724177 0.03120689655172415
08 0.76875 0.5475 0.029978448275862157 0.0274784482758621
11 0.8899999999999999 0.6912499999999999 0.03738636363636372 0.024886363636363762
03 0.11625 0.446875 0.04248579545454548 0.026235795454545463
