12 0.34125 0.498125 0.037483552631578876 0.043733552631578854
15 0.8218749999999999 0.843125 0.028741610738254875 0.02374161073825487
05 0.423125 0.46 0.0362068965517241 0.032456896551724124
20 0.364375 0.8725 0.03124444444444452 0.02499444444444443
03 0.2750029761904762 0.17500000000000002 0.042494047619047626 0.03498809523809526
05 0.4 0.7893749999999999 0.044992977528089895 0.0212429775280899
03 0.548125 0.7475 0.03374509803921566 0.03499509803921563
00 0.27375000000000005 0.745625 0.03995689655172413 0.036206896551724155
04 0.774375 0.66875 0.03372844827586219 0.032478448275862215
06 0.09937499999999999 0.078125 0.06113636363636364 0.09863636363636363
