10 0.030000000000000002 0.323125 0.022483552631578953 0.01623355263157894
04 0.283125 0.8625 0.031241610738255043 0.029991610738254848
14 0.424375 0.8656250000000001 0.018706896551724084 0.0337068965517241
05 0.69875 0.9437500000000001 0.03499444444444433 0.017494444444444368
07 0.296875 0.701875 0.016238095238095274 0.08123809523809511
03 0.5193749999999999 0.029375000000000002 0.0212429775280899 0.01624297752808989
20 0.424375 0.84625 0.0162450980392157 0.014995098039215615
01 0.563125 0.89 0.01370689655172419 0.009956896551724048
11 0.57375 0.8262499999999999 0.0274784482758621 0.01997844827586215
07 0.500625 0.178125 0.021136363636363675 0.028636363636363682
15 0.48062499999999997 0.155 0.02373579545454546 0.022485795454545487
03 0.72875 0.150625 0.04496951219512191 0.038719512195121986
02 0.32437499999999997 0.369375 0.038732142857142826 0.028732142857142817
03 0.340628125 0.393125 0.04374374999999997 0.03123750000000003
