10 0.7737499999999999 0.07749999999999999 0.03498355263157882 0.03248355263157894
09 0.638125 0.6912499999999999 0.043741610738255 0.03749161073825491
06 0.140625 0.92875 0.013706896551724135 0.04745689655172414
04 0.6475 0.464375 0.03249444444444438 0.023744444444444512
05 0.7987500000000001 0.8162499999999999 0.044988095238095105 0.02248809523809514
01 0.43937499999999996 0.808125 0.03624297752808986 0.0312429775280898
10 0.31499999999999995 0.28312499999999996 0.03499509803921569 0.03874509803921572
18 0.43374999999999997 0.8574999999999999 0.027456896551724175 0.029956896551724177
12 0.3275 0.0775 0.05497844827586207 0.057478448275862064
14 0.73375 0.7625 0.04488636363636367 0.057386363636363735
15 0.46687500000000004 0.28 0.013735795454545452 0.06498579545454547
