03 0.670625 0.815 0.018733552631578942 0.02498355263157881
06 0.556875 0.4825 0.028741610738254986 0.024991610738255066
04 0.888125 0.03125 0.028706896551724204 0.017456896551724138
00 0.36812500000000004 0.6837500000000001 0.031244444444444464 0.029994444444444324
05 0.464375 0.294375 0.028738095238095285 0.01873809523809522
14 0.913125 0.546875 0.04624297752808981 0.0312429775280898
05 0.83375 0.484375 0.024995098039215735 0.02374509803921565
01 0.9075 0.7618750000000001 0.014956896551724164 0.011206896551724133
05 0.7906249999999999 0.5025 0.026228448275862237 0.014978448275862033
03 0.27 0.14750000000000002 0.027386363636363653 0.037386363636363634
09 0.178125 0.40375 0.028735795454545465 0.04498579545454551
07 0.233125 0.056874999999999995 0.023719512195121972 0.01871951219512194
