11 0.5862499999999999 0.449375 0.03498355263157882 0.031233552631578898
08 0.080625 0.53625 0.03874161073825504 0.03249161073825513
14 0.16062500000000002 0.17625 0.046206896551724136 0.032456896551724124
03 0.5618749999999999 0.338125 0.02124444444444451 0.018744444444444508
14 0.07250000000000001 0.4325 0.05748809523809524 0.037488095238095265
04 0.705625 0.055 0.03374297752808986 0.029992977528089895
00 0.09812499999999999 0.023125 0.023745098039215692 0.01624509803921569
11 0.545625 0.6168750000000001 0.0337068965517241 0.0337068965517241
12 0.540625 0.755 0.03872844827586208 0.09747844827586216
03 0.9056249999999999 0.089375 0.04613636363636375 0.03363636363636363
05 0.49187499999999995 0.255 0.038735795454545474 0.027485795454545464
06 0.696875 0.076875 0.05371951219512194 0.03871951219512195
06 0.821875 0.53125 0.08623214285714287 0.029982142857142735
06 0.593125 0.735 0.013737499999999958 0.04498749999999996
