03 0.106875 0.768125 0.028733552631578937 0.013733552631578827
05 0.899375 0.9156249999999999 0.021241610738254924 0.026241610738254928
08 0.72875 0.333125 0.019956896551724057 0.028706896551724093
18 0.1325 0.6575 0.01749444444444445 0.019994444444444315
14 0.691875 0.9275 0.02623809523809517 0.024988095238095198
12 0.9450000000000001 0.39437500000000003 0.022492977528089875 0.02624297752808985
01 0.971875 0.39125 0.013745098039215642 0.009995098039215666
18 0.06375 0.973125 0.01245689655172414 0.01370689655172419
16 0.58375 0.8262499999999999 0.03497844827586205 0.029978448275862157
15 0.644375 0.164375 0.02113636363636373 0.018636363636363645
08 0.915 0.471875 0.02248579545454532 0.026235795454545463
