07 0.8024958881578947 0.20750000000000002 0.06999177631578946 0.04998355263157897
10 0.80625 0.5149999999999999 0.022491610738254897 0.01999161073825506
01 0.90625 0.3825 0.024956896551724173 0.02745689655172412
12 0.24312499999999998 0.140625 0.03624444444444441 0.03874444444444447
02 0.549375 0.7731250000000001 0.023738095238095336 0.01873809523809522
12 0.91625 0.12 0.029992977528089826 0.032492977528089884
11 0.739375 0.49687499999999996 0.02624509803921571 0.026245098039215653
04 0.454375 0.435 0.03370689655172415 0.029956896551724177
01 0.958125 0.889375 0.026228448275862126 0.018728448275862175
03 0.19437500000000002 0.85625 0.03613636363636366 0.03488636363636377
15 0.065625 0.34375 0.026235795454545442 0.0349857954545455
20 0.8087500000000001 0.6643749999999999 0.024969512195122 0.016219512195121966
11 0.6481250000000001 0.625 0.023732142857142757 0.022482142857142895
