14 0.936875 0.5293749999999999 0.033733552631578956 0.02873355263157895
13 0.284375 0.62 0.07124161073825505 0.034991610738255075
09 0.44937499999999997 0.666875 0.023706896551724144 0.03120689655172404
11 0.656875 0.41312499999999996 0.0212444444444444 0.023744444444444512
04 0.504375 0.078125 0.01873809523809533 0.023738095238095225
00 0.61375 0.050625 0.022492977528089875 0.023742977528089883
08 0.3025 0.044375 0.017495098039215673 0.01374509803921569
02 0.963125 0.06999999999999999 0.036206896551724155 0.024956896551724138
10 0.4625 0.9025 0.017478448275862035 0.012478448275862197
06 0.185 0.855625 0.04488636363636367 0.04113636363636375
20 0.450625 0.16562500000000002 0.013735795454545507 0.011235795454545477
11 0.086875 0.7 0.021219512195121942 0.014969512195121992
12 0.7025 0.7306250000000001 0.032482142857142904 0.03123214285714282
14 0.22 0.05875 0.047487500000000016 0.014987499999999987
