07 0.4675 0.59625 0.04998355263157889 0.08498355263157886
12 0.36624999999999996 0.044375 0.029991610738255015 0.04874161073825503
09 0.833125 0.026875 0.05120689655172406 0.023706896551724137
08 0.011875 0.143125 0.008744444444444444 0.03874444444444444
01 0.856875 0.286875 0.021238095238095167 0.021238095238095278
13 0.94625 0.074375 0.05499297752808985 0.028742977528089894
00 0.81375 0.729375 0.02999509803921574 0.023745098039215762
04 0.69875 0.7275 0.029956896551724066 0.029956896551724177
02 0.041874999999999996 0.51625 0.04622844827586206 0.05247844827586201
12 0.6074999999999999 0.114375 0.0323863636363636 0.04363636363636364
01 0.489375 0.944375 0.04373579545454542 0.04373579545454531
