02 0.950625 0.94875 0.07123355263157893 0.027483552631578867
03 0.31124790268456376 0.893125 0.02499580536912749 0.026241610738254928
10 0.17125 0.791875 0.01995689655172414 0.02120689655172403
14 0.8981250000000001 0.81 0.026244444444444404 0.017494444444444368
08 0.464375 0.2575 0.0487380952380953 0.02248809523809528
10 0.828125 0.7225 0.028742977528089853 0.02749297752808988
14 0.026250000000000002 0.714375 0.032495098039215686 0.0162450980392157
06 0.7475 0.05499999999999999 0.03495689655172407 0.06995689655172413
20 0.308125 0.746875 0.02372844827586207 0.021228448275862122
10 0.42562500000000003 0.328125 0.023636363636363622 0.023636363636363622
