20 0.42 0.38125 0.02498355263157892 0.027483552631578922
06 0.5731270973154363 0.208125 0.031245805369127466 0.056241610738255066
13 0.09125 0.31625000000000003 0.03995689655172413 0.07745689655172411
06 0.103125 0.686875 0.08124444444444444 0.0362444444444443
06 0.919375 0.9143749999999999 0.02623809523809506 0.02623809523809506
13 0.915 0.491875 0.15749297752808988 0.03124297752808991
12 0.7418750000000001 0.23375 0.04374509803921567 0.05749509803921571
03 0.45251077586206895 0.8049999999999999 0.03497844827586205 0.05495689655172409
07 0.6174999999999999 0.34187500000000004 0.04497844827586206 0.041228448275862084
10 0.9675 0.109375 0.012386363636363695 0.013636363636363641
