14 0.835 0.906875 0.022483552631578863 0.02873355263157884
03 0.890625 0.496875 0.031241610738254932 0.021241610738255035
08 0.9075 0.77 0.00995689655172416 0.02745689655172412
12 0.23875 0.20625 0.027494444444444432 0.029994444444444407
04 0.38187499999999996 0.750625 0.02373809523809528 0.016238095238095163
06 0.4175 0.795625 0.01749297752808987 0.01374297752808984
11 0.466875 0.7168749999999999 0.031245098039215713 0.03374509803921566
07 0.965625 0.10749999999999998 0.03870689655172421 0.04245689655172412
20 0.28437500000000004 0.160625 0.021228448275862066 0.021228448275862066
06 0.396875 0.338125 0.04113636363636358 0.02113636363636362
12 0.9043749999999999 0.196875 0.041235795454545365 0.026235795454545463
03 0.45375 0.5375 0.01246951219512199 0.04246951219512196
20 0.164375 0.7025 0.018732142857142864 0.014982142857142833
06 0.23062500000000002 0.856875 0.058737500000000026 0.013737500000000069
