03 0.746875 0.538125 0.02873355263157895 0.04873355263157897
00 0.725 0.39 0.042491610738254915 0.024991610738255066
05 0.9212499999999999 0.78625 0.022456896551724115 0.04745689655172414
11 0.803125 0.68875 0.04124444444444442 0.029994444444444324
03 0.5331250000000001 0.53 0.04873809523809525 0.047488095238095274
05 0.9356249999999999 0.303125 0.023742977528089848 0.048742977528089815
13 0.92875 0.09874877450980392 0.1149950980392157 0.14249754901960784
03 0.1225 0.586875 0.03995689655172413 0.09870689655172415
01 0.406875 0.1375 0.03622844827586208 0.034978448275862065
06 0.935 0.67375 0.019886363636363646 0.04238636363636372
