18 0.80375 0.35375 0.01748355263157897 0.019983552631578916
02 0.671875 0.33625 0.05124161073825495 0.03999161073825508
13 0.35 0.285625 0.034956896551724126 0.07870689655172414
01 0.880625 0.455625 0.013744444444444337 0.011244444444444501
20 0.505625 0.201875 0.013738095238095216 0.01123809523809527
08 0.44499999999999995 0.6950000000000001 0.04749297752808984 0.012492977528089866
16 0.78625 0.22812500000000002 0.034995098039215744 0.02624509803921568
03 0.298125 0.5618749999999999 0.01870689655172414 0.02120689655172414
07 0.485 0.37124999999999997 0.04747844827586206 0.052478448275862066
14 0.558125 0.2975 0.018636363636363562 0.03488636363636366
15 0.5587500000000001 0.879375 0.01498579545454548 0.026235795454545352
08 0.200625 0.38375000000000004 0.008719512195121959 0.04246951219512202
