06 0.43937911184210526 0.928125 0.14374177631578944 0.043733552631578965
06 0.839375 0.313125 0.011241610738254915 0.04124161073825505
03 0.0525 0.56375 0.03495689655172414 0.04245689655172413
14 0.754375 0.416875 0.016244444444444284 0.04124444444444453
03 0.565 0.135 0.03498809523809532 0.05998809523809524
01 0.383125 0.936875 0.03374297752808986 0.036242977528089915
00 0.34375 0.36250000000000004 0.034995098039215744 0.03499509803921569
04 0.08125 0.816875 0.04495689655172414 0.036206896551724155
01 0.225 0.9762500000000001 0.04247844827586206 0.024978448275862264
03 0.22312500000000002 0.5875 0.04613636363636367 0.08738636363636365
20 0.8087500000000001 0.9650000000000001 0.04248579545454534 0.034985795454545277
