06 0.53 0.3012458881578947 0.10498355263157888 0.05499177631578944
08 0.0925 0.8275 0.06999161073825504 0.024991610738254844
05 0.6999892241379311 0.08625 0.03497844827586205 0.04245689655172413
09 0.791875 0.164375 0.04124444444444442 0.07874444444444445
18 0.5387500000000001 0.790625 0.027488095238095256 0.031238095238095065
19 0.41937500000000005 0.25375000000000003 0.031242977528089855 0.04749297752808984
09 0.40312499999999996 0.926875 0.061245098039215684 0.023745098039215762
12 0.8775 0.818125 0.047456896551724026 0.046206896551724164
10 0.856875 0.09625 0.03872844827586219 0.02997844827586206
06 0.6499999999999999 0.6356250000000001 0.0173863636363637 0.0486363636363637
20 0.246875 0.669375 0.031235795454545467 0.02873579545454541
