10 0.025625000000000002 0.6775 0.023733552631578947 0.019983552631578916
11 0.955 0.03625 0.022491610738254897 0.01999161073825503
03 0.76625 0.84 0.06495689655172421 0.04745689655172414
00 0.245 0.595 0.029994444444444435 0.027494444444444488
16 0.285625 0.575 0.04123809523809524 0.03248809523809526
00 0.63 0.226875 0.029992977528089826 0.02624297752808985
13 0.09375 0.1975 0.07249509803921568 0.052495098039215676
11 0.64375 0.80375 0.02495689655172406 0.019956896551724168
10 0.65625 0.974375 0.04247844827586211 0.028728448275862295
00 0.69 0.7775 0.024886363636363762 0.022386363636363704
