03 0.51 0.7849958881578947 0.03248355263157893 0.017491776315789465
11 0.1 0.95875 0.03249161073825506 0.022491610738254897
03 0.40125 0.7825 0.012456896551724106 0.03745689655172413
20 0.229375 0.039375 0.02374444444444443 0.02124444444444444
20 0.36687499999999995 0.140625 0.018738095238095276 0.016238095238095218
19 0.3825 0.5125 0.007492977528089861 0.012492977528089866
00 0.13 0.52875 0.027495098039215696 0.02999509803921574
01 0.248125 0.97 0.01870689655172414 0.01745689655172411
03 0.8643696120689655 0.4575 0.026239224137931116 0.019978448275862093
06 0.8981250000000001 0.83125 0.10863636363636375 0.019886363636363757
06 0.080625 0.6556249999999999 0.02373579545454546 0.041235795454545365
15 0.60625 0.6793750000000001 0.03246951219512206 0.053719512195122054
