03 0.6725 0.2225 0.022483552631578974 0.01748355263157897
13 0.5293749999999999 0.5775 0.043741610738255 0.024991610738255066
10 0.4825 0.893125 0.022456896551724115 0.02120689655172414
00 0.40249999999999997 0.16625 0.02249444444444454 0.014994444444444449
04 0.734375 0.110625 0.02623809523809517 0.021238095238095223
08 0.5862499999999999 0.9393750000000001 0.019992977528089928 0.03124297752808991
06 0.225625 0.5874999999999999 0.008745098039215693 0.06499509803921566
11 0.81625 0.43374999999999997 0.02745689655172412 0.019956896551724113
17 0.6699999999999999 0.903125 0.024978448275862264 0.03122844827586213
05 0.55875 0.401875 0.01738636363636359 0.03863636363636358
04 0.15625 0.85375 0.027485795454545492 0.019985795454545263
