04 0.638125 0.476875 0.031233552631578898 0.026233552631578894
03 0.14625 0.900625 0.024991610738255038 0.028741610738254986
11 0.7731250000000001 0.6737500000000001 0.03120689655172415 0.022456896551724115
03 0.195625 0.586875 0.05374444444444443 0.023744444444444457
20 0.77875 0.365625 0.027488095238095034 0.026238095238095227
00 0.5975 0.16749999999999998 0.029992977528089826 0.032492977528089856
06 0.21562622549019608 0.1725 0.031247549019607856 0.02749509803921571
13 0.370625 0.6018642241379311 0.07620689655172413 0.04872844827586209
16 0.1275 0.61875 0.039978448275862055 0.042478448275862
08 0.45622159090909087 0.18937500000000002 0.02994318181818184 0.041136363636363665
