02 0.9143749999999999 0.6100000000000001 0.05373355263157886 0.04248355263157888
00 0.9225 0.081875 0.03999161073825497 0.03874161073825505
12 0.6643749999999999 0.05437500000000001 0.06620689655172407 0.06870689655172414
02 0.58875 0.10750000000000001 0.027494444444444488 0.049994444444444466
10 0.645 0.36875 0.017488095238095247 0.04498809523809527
14 0.638125 0.16499999999999998 0.01374297752808984 0.02499297752808985
08 0.59875 0.506875 0.027495098039215682 0.058745098039215626
01 0.09562499999999999 0.6950000000000001 0.02370689655172413 0.01745689655172422
03 0.27749999999999997 0.31 0.02247844827586204 0.05997844827586207
11 0.21125 0.289375 0.03238636363636366 0.03113636363636363
05 0.724375 0.9393750000000001 0.041235795454545254 0.023735795454545294
