04 0.730625 0.445 0.026233552631578894 0.022483552631578863
14 0.085625 0.6568749999999999 0.018741610738255032 0.08624161073825498
01 0.578125 0.474375 0.018706896551724084 0.01870689655172414
05 0.944375 0.9268749999999999 0.016244444444444395 0.03874444444444436
08 0.7375 0.9493750000000001 0.03998809523809521 0.04373809523809513
11 0.486875 0.6675 0.03374297752808986 0.01749297752808987
20 0.41125 0.16562500000000002 0.024995098039215735 0.02624509803921568
02 0.47125 0.35562499999999997 0.03745689655172413 0.023706896551724144
18 0.803125 0.1175 0.01372844827586217 0.014978448275862075
16 0.5525 0.5549999999999999 0.047386363636363615 0.02488636363636354
06 0.279375 0.14 0.061235795454545466 0.05248579545454547
20 0.063125 0.33875 0.026219512195121947 0.022469512195121943
13 0.9681249999999999 0.73375 0.03123214285714282 0.07998214285714278
06 0.388125 0.9675 0.02873749999999997 0.022487499999999994
