03 0.65125 0.19124999999999998 0.09498355263157898 0.04748355263157897
11 0.846875 0.9724999999999999 0.0537416107382549 0.034991610738254963
09 0.38 0.296875 0.0749568965517241 0.06120689655172418
20 0.295625 0.51125 0.04124444444444447 0.03249444444444455
02 0.933125 0.886875 0.06373809523809515 0.02623809523809517
12 0.6699999999999999 0.08937500000000001 0.057492977528089795 0.05624297752808989
08 0.8300000000000001 0.05375 0.022495098039215677 0.027495098039215696
14 0.09312499999999999 0.4325 0.06370689655172414 0.024956896551724173
01 0.13375 0.62625 0.05497844827586207 0.05497844827586207
03 0.49875 0.215625 0.06238636363636357 0.04613636363636367
03 0.194375 0.889375 0.08123579545454546 0.031235795454545356
14 0.10625000000000001 0.719375 0.07246951219512195 0.028719512195122032
10 0.07250000000000001 0.916875 0.06248214285714286 0.04623214285714283
