20 0.0725 0.94625 0.022483552631578946 0.01748355263157897
06 0.903125 0.34999790268456377 0.0637416107382549 0.10999580536912756
04 0.8525 0.43374999999999997 0.039956896551724186 0.03995689655172413
11 0.913125 0.2675 0.04624444444444442 0.029994444444444435
09 0.488125 0.358125 0.03873809523809524 0.028738095238095285
18 0.736875 0.90625 0.023742977528089848 0.02749297752808988
13 0.36312500000000003 0.82875 0.03874509803921572 0.13999509803921573
11 0.823125 0.97625 0.04370689655172422 0.02745689655172412
08 0.718125 0.775625 0.05622844827586215 0.02372844827586218
02 0.355 0.649375 0.009886363636363582 0.05113636363636376
