16 0.249375 0.39875000000000005 0.03873355263157899 0.05498355263157889
08 0.4525 0.07625 0.052491610738255035 0.03249161073825504
12 0.21 0.55625 0.08245689655172411 0.05995689655172409
13 0.133125 0.8087500000000001 0.058744444444444446 0.06999444444444436
01 0.36812500000000004 0.18 0.03373809523809529 0.03248809523809526
16 0.2675 0.231875 0.04499297752808987 0.05874297752808985
03 0.057499999999999996 0.37375 0.017495098039215694 0.03749509803921569
17 0.29374999999999996 0.18562499999999998 0.04995689655172414 0.04120689655172413
15 0.2925 0.35625 0.039978448275862055 0.019978448275862037
01 0.075 0.9775 0.03238636363636363 0.02738636363636371
03 0.26187499999999997 0.22999999999999998 0.03373579545454547 0.049985795454545484
00 0.615 0.6481250000000001 0.03246951219512195 0.02871951219512192
14 0.12125 0.194375 0.06498214285714286 0.04373214285714283
