13 0.31375 0.826875 0.029983552631578925 0.031233552631578898
03 0.9137520973154363 0.078125 0.03249580536912755 0.018741610738255046
18 0.71875 0.973125 0.014956896551724164 0.018706896551724084
01 0.753125 0.826875 0.016244444444444395 0.01124444444444439
03 0.43625 0.526875 0.03498809523809526 0.023738095238095225
13 0.579375 0.743125 0.016242977528089897 0.061242977528089826
06 0.7731250000000001 0.09 0.048745098039215784 0.017495098039215687
01 0.35562499999999997 0.944375 0.01870689655172414 0.01370689655172408
00 0.405625 0.106875 0.021228448275862066 0.02372844827586207
12 0.37812500000000004 0.268125 0.04113636363636358 0.05863636363636368
14 0.31875 0.11249644886363636 0.027485795454545492 0.009992897727272729
06 0.864375 0.463125 0.043719512195121935 0.051219512195122
08 0.705 0.14375 0.014982142857142833 0.01498214285714286
11 0.858125 0.84875 0.026237500000000025 0.02498749999999994
