03 0.6475 0.32625 0.02498355263157892 0.04998355263157894
06 0.335625 0.944375 0.06874161073825502 0.008741610738254857
08 0.48812500000000003 0.4625 0.021206896551724086 0.04745689655172414
14 0.865625 0.84 0.033744444444444355 0.022494444444444373
15 0.6625 0.6699999999999999 0.019988095238095083 0.012488095238095132
19 0.081875 0.3375 0.028742977528089894 0.03249297752808983
07 0.906875 0.568125 0.018745098039215646 0.046245098039215726
11 0.47187500000000004 0.5081249999999999 0.028706896551724148 0.02120689655172414
08 0.436875 0.306875 0.021228448275862066 0.03872844827586208
03 0.118125 0.030625 0.05363636363636362 0.031136363636363632
04 0.04625 0.31375 0.024985795454545455 0.024985795454545434
03 0.8274999999999999 0.1975 0.024969512195122 0.014969512195121965
