05 0.7775041118421053 0.021249999999999998 0.03249177631578937 0.022483552631578946
20 0.299375 0.264375 0.013741610738255083 0.016241610738255086
06 0.130625 0.971875 0.033706896551724125 0.028706896551724204
19 0.335625 0.954375 0.026244444444444515 0.03874444444444436
04 0.5687500000000001 0.16125 0.017488095238095247 0.01998809523809525
06 0.338125 0.79125 0.03624297752808986 0.08499297752808976
03 0.965 0.47562499999999996 0.024995098039215735 0.026245098039215653
06 0.9175 0.784375 0.022456896551724115 0.06870689655172413
03 0.18 0.07625 0.032478448275862076 0.017478448275862063
03 0.2825 0.08124999999999999 0.009886363636363693 0.04738636363636363
