03 0.9575 0.35875 0.02498355263157892 0.022483552631578918
03 0.19124999999999998 0.739375 0.032491610738255045 0.018741610738254977
00 0.6325 0.33187500000000003 0.02745689655172412 0.01870689655172414
18 0.13374999999999998 0.70875 0.012494444444444447 0.01499444444444431
15 0.9681249999999999 0.775625 0.013738095238095105 0.02623809523809517
14 0.15000000000000002 0.228125 0.017492977528089898 0.03374297752808986
05 0.06625 0.365625 0.01999509803921569 0.033745098039215715
10 0.6 0.44625 0.02745689655172412 0.022456896551724115
13 0.110625 0.536875 0.04122844827586207 0.061228448275862046
11 0.20375 0.6699999999999999 0.019886363636363674 0.014886363636363753
