15 0.055 0.939375 0.03998355263157895 0.026233552631578894
03 0.423125 0.24749790268456376 0.05374161073825506 0.01999580536912754
07 0.860625 0.76 0.01370689655172408 0.057456896551724146
07 0.4475 0.156875 0.04999999999999999 0.04874444444444445
12 0.526875 0.484375 0.033738095238095234 0.033738095238095234
14 0.035625000000000004 0.057499999999999996 0.011242977528089886 0.06499297752808988
12 0.389375 0.148125 0.043745098039215724 0.02374509803921568
17 0.739375 0.81125 0.026206896551724146 0.02745689655172412
14 0.423125 0.2825 0.016228448275862062 0.027478448275862044
09 0.105625 0.55375 0.026136363636363638 0.027386363636363598
