06 0.7975 0.19125 0.07998355263157886 0.062483552631578954
07 0.52 0.666875 0.027491610738255012 0.016241610738254808
06 0.14 0.58875 0.03245689655172414 0.012456896551724217
06 0.7693763888888889 0.93125 0.04374722222222216 0.0524944444444444
19 0.12375 0.33499999999999996 0.03748809523809522 0.029988095238095258
13 0.78 0.69875 0.07749297752808981 0.05249297752808979
03 0.891875 0.8300000000000001 0.05124509803921573 0.042495098039215695
10 0.171875 0.85 0.02120689655172414 0.024956896551724173
06 0.618125 0.08125 0.07372844827586222 0.02497844827586207
07 0.8743749999999999 0.9474715909090909 0.04613636363636375 0.02494318181818178
03 0.2525 0.14937499999999998 0.03248579545454547 0.04623579545454545
