12 0.89625 0.31375 0.04498355263157894 0.042483552631578936
08 0.40437500000000004 0.129375 0.023741610738255037 0.036241610738255034
01 0.8318749999999999 0.239375 0.0337068965517241 0.03120689655172415
08 0.245 0.38187499999999996 0.04249444444444439 0.018744444444444508
04 0.7406250000000001 0.01875 0.03373809523809512 0.022488095238095238
03 0.0875 0.48687499999999995 0.06499297752808988 0.02624297752808985
14 0.8831249999999999 0.42375 0.018745098039215757 0.03749509803921569
00 0.40625 0.84 0.039956896551724075 0.03745689655172413
04 0.39625 0.068125 0.022478448275862095 0.021228448275862073
11 0.47750000000000004 0.5725 0.0298863636363636 0.029886363636363544
18 0.538125 0.433125 0.0187357954545454 0.02123579545454546
02 0.924375 0.08812500000000001 0.03371951219512204 0.031219512195121937
