15 0.318125 0.6287499999999999 0.02623355263157895 0.039983552631578934
08 0.639375 0.110625 0.011241610738255026 0.05124161073825506
04 0.70375 0.2225 0.024956896551724173 0.01745689655172411
06 0.641875 0.145625 0.013744444444444337 0.09124444444444443
15 0.525625 0.9762500000000001 0.041238095238095296 0.034988095238095096
02 0.3825 0.321875 0.032492977528089884 0.01624297752808984
03 0.681875 0.423125 0.021245098039215704 0.03624509803921566
08 0.969385775862069 0.6312500000000001 0.03872844827586208 0.032456896551724124
16 0.76875 0.70625 0.024978448275862264 0.039978448275862166
14 0.6581250000000001 0.16312500000000002 0.03863636363636369 0.051136363636363646
