15 0.8987499999999999 0.8725 0.039983552631578934 0.019983552631578916
15 0.475 0.153125 0.014991610738255057 0.03874161073825505
11 0.819375 0.78 0.04120689655172416 0.04245689655172413
04 0.138125 0.11937500000000001 0.03874444444444447 0.033744444444444466
05 0.25 0.18625 0.05248809523809528 0.029988095238095258
06 0.846875 0.101875 0.03374297752808986 0.026242977528089892
20 0.828125 0.764375 0.04374509803921578 0.03624509803921572
05 0.354375 0.33125 0.05120689655172417 0.032456896551724124
14 0.31875 0.074375 0.05497844827586207 0.04872844827586206
06 0.18562499999999998 0.920625 0.03613636363636366 0.01363636363636378
