08 0.365625 0.045625 0.06873355263157893 0.04123355263157895
10 0.904375 0.14 0.03374161073825488 0.03499161073825505
01 0.63875 0.105625 0.03745689655172413 0.028706896551724134
09 0.6012500000000001 0.340625 0.03249444444444449 0.04624444444444442
04 0.4775 0.9125000000000001 0.04248809523809527 0.044988095238095105
09 0.47875 0.35875 0.0649929775280898 0.05999297752808985
01 0.515 0.08937500000000001 0.034995098039215744 0.026245098039215695
03 0.25625 0.67125 0.0374568965517241 0.024956896551724173
20 0.063125 0.52125 0.031228448275862068 0.029978448275862046
04 0.53 0.785 0.04488636363636356 0.039886363636363775
01 0.871875 0.143125 0.048735795454545316 0.04373579545454548
12 0.6156250000000001 0.0575 0.04871951219512194 0.06996951219512196
