15 0.05625 0.39125 0.019983552631578957 0.03998355263157888
01 0.954375 0.8049999999999999 0.026241610738254928 0.01999161073825484
15 0.8425 0.5706249999999999 0.04745689655172414 0.02120689655172414
05 0.46125 0.749375 0.027494444444444488 0.04124444444444442
13 0.30500000000000005 0.4625 0.10748809523809527 0.06248809523809523
13 0.21812499999999999 0.7275 0.07374297752808984 0.13249297752808986
09 0.2425 0.815 0.0474950980392157 0.04749509803921559
13 0.36750000000000005 0.13125 0.09245689655172412 0.10995689655172415
04 0.32125 0.45125000000000004 0.039978448275862055 0.03247844827586205
04 0.506875 0.606875 0.03863636363636358 0.03613636363636352
