11 0.058124999999999996 0.3675 0.04873355263157894 0.04498355263157894
20 0.25125 0.76875 0.022491610738255063 0.017491610738254892
08 0.60625 0.05437500000000001 0.057456896551724146 0.04620689655172414
12 0.809375 0.166875 0.08624444444444435 0.051244444444444426
15 0.606875 0.40249999999999997 0.06373809523809537 0.11998809523809523
03 0.778125 0.7175 0.0837429775280899 0.05999297752808985
04 0.236875 0.26 0.03874509803921569 0.032495098039215686
03 0.35124999999999995 0.09625 0.044956896551724135 0.09995689655172414
12 0.420625 0.760625 0.0562284482758621 0.08622844827586218
03 0.32125 0.084375 0.02488636363636365 0.041136363636363624
02 0.746875 0.2475 0.06373579545454533 0.03498579545454547
13 0.26937500000000003 0.11 0.15371951219512198 0.044969512195121936
04 0.06625 0.965625 0.04248214285714286 0.033732142857142766
02 0.59375 0.375625 0.04498749999999996 0.036237500000000034
