12 0.028750000000000005 0.25125 0.03748355263157895 0.03748355263157896
18 0.8087500000000001 0.6399999999999999 0.017491610738254892 0.01999161073825506
08 0.3525 0.24312499999999998 0.022456896551724115 0.01620689655172411
17 0.148125 0.07375000000000001 0.028744444444444434 0.03249444444444445
02 0.4975029761904762 0.5125 0.034994047619047675 0.017488095238095247
18 0.18937500000000002 0.665625 0.01874297752808987 0.02124297752808979
00 0.09375 0.74875 0.02499509803921568 0.024995098039215735
12 0.8474999999999999 0.31125 0.032456896551724124 0.034956896551724126
15 0.16062500000000002 0.869375 0.04872844827586206 0.03122844827586224
01 0.41625 0.8225 0.014886363636363587 0.014886363636363753
13 0.8768750000000001 0.8075 0.041235795454545365 0.02498579545454538
18 0.6725 0.20750000000000002 0.022469512195121943 0.024969512195121973
03 0.444375 0.6793750000000001 0.036232142857142824 0.03123214285714282
