06 0.24375000000000002 0.34624999999999995 0.03248355263157901 0.07248355263157896
20 0.9493750000000001 0.175625 0.026241610738254928 0.02874161073825504
02 0.14248922413793103 0.749375 0.032478448275862076 0.04870689655172411
01 0.200625 0.388125 0.013744444444444448 0.013744444444444448
11 0.75125 0.43 0.027488095238095145 0.027488095238095256
07 0.090625 0.29875 0.033742977528089885 0.01749297752808987
04 0.52875 0.6112500000000001 0.024995098039215624 0.022495098039215677
16 0.20187500000000003 0.37375 0.03870689655172413 0.024956896551724117
02 0.870625 0.6625 0.026228448275862237 0.022478448275862206
09 0.11624999999999999 0.36750000000000005 0.02988636363636364 0.03988636363636361
13 0.46875 0.7931250000000001 0.08498579545454543 0.05623579545454527
13 0.11 0.7975 0.04246951219512193 0.06246951219512198
04 0.72 0.25875 0.029982142857142846 0.01998214285714281
