10 0.101875 0.705625 0.026233552631578935 0.026233552631579005
18 0.496875 0.581875 0.021241610738255035 0.023741610738255092
06 0.12875 0.055625 0.04995689655172414 0.061206896551724135
16 0.245 0.544375 0.037494444444444414 0.03124444444444452
15 0.13124999999999998 0.60625 0.027488095238095228 0.007488095238095238
04 0.48 0.375625 0.02999297752808988 0.018742977528089844
03 0.5225 0.15125 0.022495098039215677 0.0449950980392157
03 0.381875 0.9475 0.02120689655172414 0.032456896551724124
10 0.948125 0.131875 0.028728448275862295 0.02872844827586206
14 0.08875 0.89375 0.03238636363636363 0.047386363636363726
14 0.34125 0.21687499999999998 0.037485795454545445 0.016235795454545482
04 0.5800000000000001 0.6625000000000001 0.022469512195122054 0.01746951219512194
04 0.681875 0.6925 0.03123214285714282 0.02498214285714284
06 0.545625 0.286875 0.05123750000000005 0.026237500000000025
