10 0.27625 0.478125 0.01748355263157897 0.013733552631578883
16 0.158125 0.930625 0.03624161073825505 0.03374161073825488
05 0.6512500000000001 0.871875 0.032456896551724124 0.02120689655172414
06 0.070625 0.06375 0.016244444444444436 0.04499444444444445
02 0.208125 0.45375 0.02373809523809528 0.047488095238095274
07 0.6168750000000001 0.9537482443820224 0.0212429775280899 0.04249648876404488
01 0.47062499999999996 0.0325 0.018745098039215702 0.012495098039215682
14 0.89375 0.29874999999999996 0.012456896551724106 0.019956896551724113
01 0.24812499999999998 0.6325000000000001 0.01372844827586206 0.01747844827586209
19 0.27249999999999996 0.150625 0.02238636363636365 0.026136363636363624
