20 0.37375 0.29500000000000004 0.02998355263157887 0.024983552631578976
01 0.144375 0.75125 0.04874161073825506 0.03499161073825485
03 0.7637499999999999 0.84375 0.02495689655172406 0.04495689655172419
04 0.358125 0.821875 0.028744444444444517 0.031244444444444408
02 0.8899999999999999 0.18875 0.06498809523809512 0.047488095238095274
18 0.5331250000000001 0.515 0.03124297752808991 0.034992977528089775
17 0.31125 0.8531249999999999 0.054995098039215706 0.05374509803921568
20 0.505 0.3375 0.03745689655172413 0.024956896551724117
11 0.51375 0.06 0.03997844827586211 0.04497844827586207
09 0.476875 0.40375 0.043636363636363584 0.037386363636363606
03 0.36125 0.350625 0.10998579545454545 0.03623579545454547
10 0.076875 0.616875 0.026219512195121947 0.02121951219512197
