00 0.081875 0.28125 0.05123355263157895 0.03498355263157893
16 0.6624999999999999 0.045 0.05499161073825498 0.05499161073825504
01 0.181875 0.13375 0.02870689655172412 0.02495689655172413
20 0.24687499999999998 0.578125 0.028744444444444406 0.031244444444444408
03 0.38 0.49750000000000005 0.03498809523809526 0.0749880952380953
03 0.280625 0.6937500000000001 0.043742977528089866 0.04249297752808989
01 0.436875 0.53125 0.02874509803921571 0.027495098039215682
10 0.088125 0.841875 0.05120689655172414 0.036206896551724155
03 0.32625 0.034375 0.10747844827586206 0.031228448275862068
11 0.96875 0.6 0.04238636363636372 0.03488636363636366
14 0.98375 0.64625 0.01498579545454537 0.044985795454545396
10 0.77625 0.668125 0.022469512195121943 0.02121951219512197
13 0.349375 0.580625 0.06373214285714285 0.05123214285714284
