00 0.2925 0.035 0.022483552631578974 0.02248355263157895
19 0.31875 0.031875 0.00749161073825505 0.011241610738255029
18 0.179375 0.32875 0.011206896551724133 0.012456896551724106
06 0.61375 0.265625 0.08499444444444448 0.0212444444444444
03 0.16625 0.6225 0.01998809523809525 0.02498809523809531
13 0.48749999999999993 0.27437500000000004 0.027492977528089824 0.09374297752808985
11 0.685 0.496875 0.022495098039215677 0.018745098039215757
18 0.92875 0.55 0.014956896551724164 0.01745689655172411
03 0.56 0.518125 0.01747844827586198 0.026228448275862015
09 0.8218749999999999 0.94375 0.016136363636363726 0.022386363636363704
03 0.09874644886363637 0.26249999999999996 0.019992897727272738 0.012485795454545479
13 0.25625 0.6737500000000001 0.03746951219512201 0.08996951219512195
