04 0.8956249999999999 0.556875 0.04123355263157891 0.031233552631578898
12 0.50625 0.33375 0.04249161073825508 0.034991610738255075
01 0.943125 0.715 0.0237068965517242 0.01745689655172411
04 0.16249999999999998 0.398125 0.04249444444444442 0.026244444444444515
15 0.291875 0.6343749999999999 0.033738095238095234 0.06873809523809526
13 0.904375 0.53375 0.15374297752808985 0.05499297752808985
10 0.39375000000000004 0.825 0.0449950980392157 0.03749509803921569
03 0.431875 0.9706250000000001 0.036206896551724155 0.03120689655172415
01 0.93625 0.6125 0.042478448275862224 0.02747844827586199
08 0.113125 0.755625 0.06363636363636362 0.053636363636363704
17 0.670625 0.13125 0.03623579545454536 0.03748579545454546
