11 0.114375 0.65625 0.033733552631578956 0.022483552631578974
00 0.6074999999999999 0.065625 0.042491610738255026 0.03624161073825504
03 0.588125 0.9625 0.036206896551724155 0.05995689655172409
13 0.723125 0.9325 0.06874444444444439 0.07249444444444442
07 0.899375 0.526875 0.021238095238095167 0.04373809523809524
13 0.54125 0.74125 0.04499297752808984 0.05499297752808985
13 0.665625 0.5675 0.0787450980392157 0.06999509803921566
03 0.24812499999999998 0.79 0.05120689655172414 0.022456896551724115
18 0.21500000000000002 0.8200000000000001 0.022478448275862067 0.024978448275862264
12 0.7224999999999999 0.42562500000000003 0.02738636363636371 0.031136363636363573
03 0.8275 0.20375 0.044985795454545396 0.03498579545454547
08 0.28 0.6168750000000001 0.024969512195121946 0.02871951219512192
