06 0.870625 0.630625 0.11873355263157892 0.1662335526315789
04 0.643125 0.26375 0.05874161073825501 0.054991610738255065
18 0.63375 0.825 0.03745689655172413 0.039956896551724186
14 0.095 0.3775 0.04499444444444445 0.07749444444444453
12 0.245 0.735 0.09498809523809526 0.1024880952380951
20 0.8025 0.8674999999999999 0.039992977528089835 0.03499297752808983
04 0.590625 0.3475 0.05374509803921568 0.042495098039215695
01 0.589375 0.60875 0.053706896551724115 0.04745689655172414
19 0.34062499999999996 0.03624999999999999 0.06872844827586205 0.03247844827586206
13 0.7262500000000001 0.9143749999999999 0.23738636363636367 0.07363636363636383
01 0.875 0.9081250000000001 0.0599857954545453 0.051235795454545374
03 0.23625 0.653125 0.09246951219512195 0.06871951219512196
14 0.13999999999999999 0.286875 0.04248214285714284 0.058732142857142844
09 0.6525000000000001 0.22875 0.07748750000000004 0.04248750000000001
