03 0.87125 0.5125 0.017483552631578858 0.012483552631578854
03 0.466875 0.8743749999999999 0.021241610738255035 0.026241610738254928
03 0.25 0.71 0.01745689655172411 0.022456896551724115
01 0.840625 0.11812500000000001 0.023744444444444346 0.02374444444444447
09 0.463125 0.47750000000000004 0.021238095238095278 0.022488095238095307
03 0.3875 0.133125 0.032492977528089884 0.0487429775280899
06 0.6937500000000001 0.27 0.022495098039215677 0.06749509803921566
03 0.9625 0.58875 0.01745689655172411 0.01745689655172411
03 0.145625 0.56 0.03872844827586208 0.022478448275862095
08 0.11249999999999999 0.44625000000000004 0.024886363636363637 0.0298863636363636
09 0.405 0.985 0.022485795454545487 0.019985795454545263
