03 0.655 0.04 0.04998355263157894 0.02748355263157895
07 0.724375 0.82875 0.0637416107382549 0.03999161073825497
05 0.54125 0.268125 0.024956896551724173 0.06120689655172415
02 0.22625 0.301875 0.04249444444444442 0.056244444444444486
03 0.21687499999999998 0.77625 0.03373809523809526 0.037488095238095154
14 0.03874999999999999 0.521875 0.032492977528089884 0.036242977528089915
04 0.939375 0.5037499999999999 0.04874509803921567 0.04499509803921564
13 0.40125 0.86625 0.03995689655172413 0.07995689655172411
04 0.039999999999999994 0.180625 0.049978448275862064 0.031228448275862075
11 0.5543750000000001 0.244375 0.03613636363636352 0.051136363636363674
11 0.6031249999999999 0.364375 0.04873579545454543 0.031235795454545467
07 0.21125 0.8431249999999999 0.01996951219512197 0.07871951219512197
03 0.44375 0.235 0.09248214285714279 0.08248214285714281
