18 0.14125 0.7275 0.032483552631578955 0.03498355263157893
06 0.110625 0.5175 0.06374161073825506 0.034991610738255075
02 0.3775 0.7893749999999999 0.024956896551724173 0.10370689655172416
18 0.135625 0.07125000000000001 0.02624444444444446 0.02999444444444445
17 0.963125 0.113125 0.0562380952380952 0.036238095238095236
07 0.54125 0.92875 0.06999297752808986 0.06249297752808991
05 0.5256262254901961 0.41625 0.04874754901960787 0.032495098039215686
05 0.301885775862069 0.23750000000000002 0.03372844827586202 0.044956896551724135
08 0.168125 0.09062500000000001 0.06372844827586205 0.033728448275862064
06 0.34750000000000003 0.05 0.01988636363636359 0.052386363636363634
15 0.42874999999999996 0.461875 0.042485795454545505 0.04623579545454548
11 0.788125 0.73625 0.04621951219512199 0.04246951219512196
17 0.923125 0.5075000000000001 0.04623214285714283 0.05248214285714281
