15 0.1275 0.669375 0.027483552631578936 0.05373355263157886
01 0.195625 0.44 0.031241610738255043 0.027491610738255012
04 0.025 0.05 0.03245689655172414 0.02995689655172415
12 0.6325000000000001 0.55 0.04499444444444445 0.05999444444444457
07 0.85875 0.26125 0.027488095238095145 0.03748809523809524
06 0.251875 0.8968750000000001 0.09624297752808986 0.023742977528089848
06 0.371875 0.425 0.09874509803921572 0.012495098039215669
04 0.8725 0.953125 0.02495689655172406 0.028706896551724093
06 0.44437499999999996 0.711875 0.11122844827586204 0.021228448275862233
04 0.620625 0.14875000000000002 0.02863636363636357 0.027386363636363653
