04 0.431875 0.97375 0.0337335526315789 0.029983552631578814
12 0.07375000000000001 0.24125000000000002 0.04999161073825504 0.05749161073825507
13 0.5174892241379311 0.531875 0.052478448275862066 0.08120689655172408
06 0.5531236111111111 0.37875 0.056247222222222226 0.1049944444444445
10 0.58875 0.580625 0.029988095238095314 0.023738095238095336
03 0.77625 0.5862499999999999 0.029992977528089826 0.032492977528089884
07 0.5375000000000001 0.8275 0.042495098039215695 0.08999509803921568
09 0.24937499999999999 0.21125 0.04620689655172411 0.034956896551724126
01 0.018125000000000002 0.964375 0.028728448275862073 0.021228448275862233
18 0.64875 0.35250000000000004 0.02488636363636365 0.0298863636363636
06 0.6662464488636364 0.7775 0.06999289772727268 0.08998579545454533
