17 0.486875 0.048125 0.03873355263157896 0.03873355263157895
14 0.238125 0.18125000000000002 0.06874161073825508 0.032491610738255045
18 0.265 0.9650000000000001 0.02745689655172412 0.029956896551724177
06 0.915 0.630625 0.03499444444444433 0.033744444444444466
00 0.9524999999999999 0.9456249999999999 0.02248809523809514 0.021238095238095167
05 0.336875 0.7793749999999999 0.043742977528089866 0.023742977528089848
06 0.7156262254901962 0.69 0.036247549019607805 0.10249509803921575
04 0.4275 0.6312500000000001 0.04245689655172413 0.032456896551724124
02 0.903125 0.975625 0.03122844827586213 0.036228448275862246
15 0.24062500000000003 0.4375 0.06113636363636368 0.047386363636363615
