14 0.270625 0.051250000000000004 0.043733552631578965 0.03748355263157896
20 0.899375 0.134375 0.028741610738254875 0.023741610738255037
13 0.504375 0.96375 0.06620689655172418 0.06245689655172404
05 0.77125 0.88125 0.037494444444444275 0.04499444444444434
10 0.486875 0.21187499999999998 0.0462380952380953 0.048738095238095275
12 0.14437499999999998 0.35375 0.05374297752808986 0.06999297752808986
10 0.576875 0.504375 0.028745098039215655 0.02874509803921571
01 0.5800000000000001 0.84125 0.019956896551724168 0.019956896551724168
02 0.44375 0.51 0.07247844827586208 0.09997844827586211
14 0.89 0.246875 0.05488636363636368 0.043636363636363695
11 0.34625 0.036875 0.04248579545454545 0.026235795454545453
