02 0.9256249999999999 0.21500000000000002 0.033733552631578845 0.04998355263157897
05 0.241875 0.7112499999999999 0.02624161073825504 0.049991610738254866
03 0.673125 0.735 0.053706896551724115 0.08245689655172406
01 0.379375 0.6225 0.016244444444444506 0.019994444444444537
10 0.08125 0.584375 0.03248809523809523 0.01873809523809533
12 0.390625 0.1125 0.06624297752808983 0.05999297752808988
10 0.45125000000000004 0.27 0.029995098039215684 0.029995098039215684
06 0.60375 0.46186422413793105 0.12245689655172409 0.04872844827586209
03 0.24125000000000002 0.5037499999999999 0.01497844827586206 0.05497844827586207
09 0.75125 0.219375 0.03738636363636372 0.031136363636363656
10 0.703125 0.330625 0.031235795454545245 0.031235795454545467
03 0.80375 0.35125 0.082469512195122 0.05246951219512197
10 0.6793750000000001 0.2575 0.028732142857142873 0.029982142857142846
12 0.778125 0.620625 0.03873749999999998 0.061237500000000056
