02 0.803125 0.014375 0.04873355263157886 0.013733552631578948
09 0.32 0.03875000000000001 0.01999161073825506 0.037491610738255035
19 0.68375 0.5900000000000001 0.01745689655172411 0.032456896551724124
03 0.0675 0.971875 0.034994444444444446 0.026244444444444404
01 0.96875 0.5874999999999999 0.019988095238095083 0.017488095238095247
11 0.4175 0.6756249999999999 0.03249297752808983 0.03124297752808991
01 0.724375 0.9293750000000001 0.038745098039215664 0.026245098039215597
13 0.746260775862069 0.565 0.08247844827586204 0.05245689655172414
01 0.686875 0.28437500000000004 0.018728448275862286 0.016228448275862062
07 0.9299999999999999 0.5387500000000001 0.019886363636363646 0.039886363636363664
13 0.479375 0.43374999999999997 0.1412357954545455 0.04748579545454551
12 0.5931249999999999 0.530625 0.026219512195121975 0.07871951219512191
17 0.15812500000000002 0.784375 0.03623214285714285 0.03873214285714288
