03 0.911875 0.76875 0.016233552631578885 0.014983552631578911
20 0.450625 0.155625 0.013741610738255083 0.013741610738255056
15 0.3175 0.55625 0.04245689655172413 0.024956896551724173
10 0.125 0.164375 0.019994444444444467 0.021244444444444455
17 0.5025 0.54625 0.027488095238095256 0.03248809523809526
00 0.3725 0.139375 0.02499297752808982 0.023742977528089904
04 0.44125000000000003 0.30562500000000004 0.01749509803921573 0.023745098039215706
03 0.46875 0.735 0.014956896551724164 0.02745689655172412
14 0.7050000000000001 0.32125000000000004 0.0174784482758622 0.017478448275862035
03 0.32625 0.77 0.057386363636363624 0.03238636363636371
10 0.81875 0.389375 0.017485795454545316 0.013735795454545452
