04 0.42874999999999996 0.510625 0.017483552631578914 0.01873355263157883
11 0.184375 0.25875 0.02874161073825507 0.019991610738255033
02 0.06563577586206897 0.5843750000000001 0.02622844827586207 0.02120689655172414
08 0.6625000000000001 0.745 0.037494444444444386 0.012494444444444364
04 0.35 0.62375 0.029988095238095258 0.027488095238095256
01 0.649375 0.611875 0.018742977528089844 0.016242977528089786
20 0.22875 0.1975 0.014995098039215699 0.012495098039215696
06 0.17875 0.291875 0.032456896551724124 0.016206896551724137
15 0.8762446120689655 0.36124999999999996 0.022489224137931085 0.014978448275862088
03 0.77875 0.870625 0.02738636363636371 0.02113636363636373
