14 0.6425000000000001 0.09125 0.039983552631578934 0.014983552631578939
15 0.33999999999999997 0.611875 0.019991610738255006 0.013741610738254972
04 0.8625 0.124375 0.02745689655172412 0.026206896551724118
03 0.593125 0.5549999999999999 0.051244444444444426 0.04499444444444445
14 0.1825 0.960625 0.029988095238095258 0.028738095238095118
18 0.53625 0.0975 0.022492977528089764 0.02499297752808989
10 0.7 0.40312499999999996 0.027495098039215682 0.018745098039215702
14 0.464375 0.046875 0.026206896551724146 0.046206896551724136
00 0.196875 0.14375 0.02372844827586207 0.019978448275862065
03 0.16375 0.8731249999999999 0.019886363636363646 0.02363636363636379
14 0.478125 0.03937499999999999 0.03373579545454547 0.03873579545454545
