14 0.810625 0.585 0.0362335526315789 0.03498355263157893
06 0.9081250000000001 0.448125 0.09874161073825494 0.03874161073825505
05 0.17812499999999998 0.8656250000000001 0.03870689655172413 0.02120689655172414
03 0.5762499999999999 0.575625 0.0424944444444445 0.04874444444444459
14 0.3375 0.9418720238095237 0.05248809523809528 0.04124404761904754
11 0.119375 0.64 0.033742977528089885 0.024992977528089932
01 0.031875 0.65625 0.016245098039215686 0.017495098039215673
18 0.801875 0.176875 0.02120689655172403 0.023706896551724144
13 0.44499999999999995 0.08249999999999999 0.09997844827586205 0.06247844827586206
06 0.86375 0.208125 0.04238636363636372 0.08113636363636367
12 0.37124999999999997 0.761875 0.032485795454545496 0.03623579545454536
00 0.47125 0.906875 0.03496951219512201 0.028719512195122032
