20 0.47375 0.36375 0.017483552631578858 0.014983552631578911
10 0.155 0.48125 0.03999161073825502 0.034991610738255075
02 0.8300000000000001 0.050625 0.039956896551724186 0.038706896551724136
01 0.14750000000000002 0.45125000000000004 0.022494444444444456 0.024994444444444486
10 0.8025 0.34750000000000003 0.037488095238095154 0.03998809523809527
15 0.935625 0.35187500000000005 0.028742977528089853 0.03624297752808986
09 0.21687499999999998 0.678125 0.03374509803921569 0.028745098039215655
06 0.093125 0.7375 0.016206896551724137 0.03495689655172407
06 0.323125 0.429375 0.12872844827586205 0.01372844827586206
20 0.563125 0.071875 0.02863636363636357 0.02863636363636364
