06 0.7637541118421053 0.818125 0.03749177631578937 0.06373355263157898
04 0.48625 0.48812500000000003 0.024991610738255066 0.023741610738255037
10 0.6637500000000001 0.958125 0.029956896551724177 0.018706896551724084
15 0.16749999999999998 0.23750000000000002 0.01749444444444445 0.042494444444444446
12 0.285 0.19875 0.047488095238095274 0.049988095238095276
19 0.459375 0.6725000000000001 0.023742977528089848 0.022492977528089875
15 0.04625 0.453125 0.017495098039215687 0.03374509803921566
20 0.14375 0.765 0.027456896551724147 0.024956896551724173
03 0.485 0.26875 0.049978448275862064 0.024978448275862042
04 0.56375 0.88375 0.019886363636363646 0.014886363636363753
