00 0.271875 0.339375 0.03623355263157896 0.0337335526315789
07 0.22999790268456377 0.4 0.024995805369127516 0.07249161073825505
01 0.455 0.569375 0.02745689655172412 0.018706896551724195
11 0.641875 0.1375 0.02874444444444446 0.03499444444444447
06 0.1825 0.133125 0.024988095238095254 0.02873809523809523
18 0.909375 0.10750000000000001 0.018742977528089844 0.02249297752808989
15 0.11625 0.265625 0.022495098039215705 0.05624509803921571
15 0.1575 0.095 0.054956896551724144 0.02745689655172412
12 0.801875 0.82625 0.06872844827586211 0.042478448275862224
00 0.051250000000000004 0.125625 0.027386363636363632 0.016136363636363643
07 0.193125 0.34750000000000003 0.01373579545454548 0.042485795454545505
12 0.784375 0.625 0.04871951219512194 0.03746951219512207
