11 0.643125 0.614375 0.031233552631578898 0.02873355263157884
04 0.43125 0.53625 0.027491610738255068 0.024991610738255066
07 0.860625 0.94 0.09870689655172415 0.02495689655172406
00 0.390625 0.6268750000000001 0.02124444444444451 0.018744444444444563
07 0.818125 0.596875 0.013738095238095216 0.043738095238095354
12 0.75875 0.56 0.04499297752808984 0.04249297752808989
07 0.45625 0.15812500000000002 0.032495098039215686 0.03624509803921569
09 0.015 0.43562500000000004 0.017456896551724138 0.0362068965517241
03 0.021250000000000005 0.5449999999999999 0.024978448275862077 0.057478448275862015
01 0.31999999999999995 0.608125 0.0298863636363636 0.02113636363636362
13 0.4225 0.5318750000000001 0.03998579545454545 0.03623579545454547
06 0.395 0.19125 0.09996951219512201 0.017469512195121994
