10 0.8543750000000001 0.103125 0.031233552631578898 0.028733552631578937
12 0.663125 0.73 0.056241610738255066 0.03499161073825485
20 0.030625 0.41125 0.02370689655172414 0.01745689655172411
11 0.764375 0.491875 0.02874444444444435 0.033744444444444466
01 0.485 0.151875 0.04248809523809527 0.02873809523809523
10 0.545625 0.87375 0.036242977528089804 0.029992977528089826
01 0.084375 0.843125 0.02124509803921569 0.018745098039215646
01 0.5425 0.691875 0.019956896551724057 0.02120689655172414
03 0.88625 0.70625 0.03747844827586222 0.04747844827586223
16 0.111875 0.043125 0.06113636363636364 0.04113636363636363
03 0.44375 0.5425 0.03998579545454545 0.03248579545454544
13 0.660625 0.229375 0.10621951219512193 0.03371951219512198
