07 0.070625 0.43437499999999996 0.028733552631578944 0.028733552631578896
16 0.205625 0.406875 0.031241610738255043 0.043741610738255055
04 0.231875 0.836875 0.028706896551724148 0.02120689655172414
11 0.24312499999999998 0.534375 0.028744444444444434 0.033744444444444466
12 0.79375 0.59 0.03998809523809521 0.05248809523809528
04 0.569375 0.379375 0.028742977528089853 0.02624297752808985
04 0.785625 0.07500000000000001 0.028745098039215655 0.027495098039215696
20 0.11624999999999999 0.6056250000000001 0.02995689655172412 0.03120689655172415
05 0.4 0.064375 0.03247844827586205 0.02622844827586207
00 0.32437499999999997 0.54625 0.023636363636363622 0.019886363636363535
19 0.665 0.5543750000000001 0.03998579545454539 0.033735795454545525
04 0.8812500000000001 0.124375 0.027469512195121948 0.026219512195121947
04 0.8225 0.125 0.029982142857142846 0.03248214285714286
10 0.62 0.048125 0.02748750000000011 0.0212375
