08 0.18 0.3606208881578947 0.034983552631578985 0.06374177631578948
03 0.1875 0.4325 0.03249161073825507 0.04499161073825508
03 0.05500000000000001 0.5375 0.049956896551724146 0.04495689655172419
00 0.421875 0.635 0.03124444444444452 0.03249444444444449
13 0.889375 0.34375 0.04623809523809508 0.14748809523809525
05 0.12937500000000002 0.551875 0.04124297752808989 0.026242977528089906
20 0.5025 0.101875 0.02999509803921574 0.028745098039215697
05 0.9199999999999999 0.06999999999999999 0.049956896551724195 0.024956896551724138
06 0.26625 0.54625 0.06997844827586205 0.12747844827586202
18 0.955625 0.129375 0.03113636363636374 0.031136363636363615
19 0.905625 0.573125 0.031235795454545245 0.033735795454545414
03 0.28625 0.26187499999999997 0.05996951219512198 0.053719512195122
