07 0.6481250000000001 0.625625 0.04123355263157891 0.043733552631578965
10 0.09625 0.55125 0.03499161073825505 0.027491610738255012
08 0.51875 0.69375 0.04995689655172414 0.057456896551724146
04 0.7125 0.84125 0.04499444444444434 0.027494444444444377
05 0.28937500000000005 0.5575 0.02373809523809528 0.05248809523809528
18 0.35125 0.1975 0.02499297752808982 0.02749297752808985
10 0.05875 0.485 0.04249509803921569 0.027495098039215682
02 0.8356250000000001 0.335625 0.05620689655172406 0.023706896551724088
10 0.6025 0.6975 0.032478448275862104 0.024978448275862153
06 0.838125 0.816875 0.08863636363636374 0.05113636363636376
02 0.528125 0.494375 0.033735795454545525 0.061235795454545494
