06 0.298125 0.521875 0.031233552631578954 0.07623355263157888
06 0.94125 0.458125 0.042491610738254915 0.01624161073825503
11 0.553125 0.309375 0.026206896551724146 0.02120689655172414
03 0.6056250000000001 0.7031236111111111 0.02124444444444451 0.013747222222222133
12 0.74 0.081875 0.02998809523809509 0.02873809523809523
06 0.7175 0.448125 0.039992977528089835 0.08624297752808985
01 0.38687499999999997 0.573125 0.02124509803921565 0.023745098039215762
07 0.365625 0.16125 0.11620689655172417 0.05245689655172414
09 0.5606249999999999 0.8518749999999999 0.03372844827586208 0.02372844827586229
20 0.5037499999999999 0.244375 0.02488636363636354 0.023636363636363678
