14 0.5974999999999999 0.6425000000000001 0.05998355263157895 0.06998355263157896
01 0.459375 0.975 0.04624161073825506 0.03499161073825485
13 0.5687500000000001 0.694375 0.05245689655172414 0.053706896551724115
03 0.6156249999999999 0.545625 0.0887444444444444 0.036244444444444524
05 0.29812797619047615 0.106875 0.04874404761904766 0.03123809523809523
12 0.113125 0.4675 0.05374297752808989 0.054992977528089904
15 0.1375 0.6031249999999999 0.0749950980392157 0.05374509803921568
07 0.809375 0.31562500000000004 0.11120689655172411 0.01870689655172414
06 0.176875 0.09812499999999999 0.041228448275862056 0.13622844827586206
17 0.13125 0.5825 0.05988636363636367 0.05988636363636357
07 0.10625000000000001 0.858125 0.01748579545454547 0.05373579545454532
03 0.46562499999999996 0.45999999999999996 0.028719512195121977 0.034969512195121955
