10 0.029375000000000002 0.559375 0.03373355263157895 0.031233552631578898
15 0.344375 0.775 0.08124161073825503 0.15499161073825496
00 0.1975 0.941875 0.06745689655172413 0.04870689655172411
20 0.9356249999999999 0.08499999999999999 0.04874444444444437 0.03249444444444445
03 0.6174999999999999 0.14375 0.04498809523809533 0.14498809523809525
12 0.446875 0.6525000000000001 0.0762429775280899 0.07749297752808981
20 0.25875 0.959375 0.05749509803921568 0.04874509803921567
06 0.8 0.750625 0.014956896551724053 0.061206896551724066
12 0.7987500000000001 0.665625 0.0799784482758622 0.07622844827586217
01 0.49312500000000004 0.229375 0.05113636363636359 0.04863636363636367
17 0.89125 0.55 0.07998579545454532 0.06248579545454547
07 0.47875 0.8825000000000001 0.09996951219512201 0.07746951219512199
