15 0.48 0.91875 0.027483552631578922 0.03248355263157887
08 0.200625 0.47562499999999996 0.031241610738255043 0.04874161073825506
11 0.72 0.46625 0.04495689655172408 0.02745689655172412
04 0.45 0.1125 0.0424944444444445 0.024994444444444458
03 0.821875 0.720625 0.03873809523809513 0.06873809523809515
06 0.5925 0.59875 0.1199929775280899 0.029992977528089826
03 0.724375 0.259375 0.12374509803921563 0.10874509803921567
08 0.71125 0.045 0.02745689655172412 0.054956896551724144
02 0.116875 0.838125 0.056228448275862056 0.0912284482758623
03 0.489375 0.80875 0.02113636363636362 0.029886363636363766
