13 0.79 0.925625 0.11248355263157894 0.04623355263157891
10 0.513125 0.566875 0.03874161073825505 0.028741610738254986
16 0.13126077586206897 0.443125 0.06497844827586208 0.07620689655172413
03 0.17124999999999999 0.870625 0.05499444444444446 0.09374444444444441
04 0.7 0.6793750000000001 0.044988095238095105 0.031238095238095176
14 0.353125 0.160625 0.03624297752808986 0.05124297752808987
06 0.729375 0.94375 0.13874509803921575 0.04499509803921575
07 0.1875 0.875 0.054956896551724144 0.014956896551724164
10 0.12375 0.036875 0.039978448275862055 0.036228448275862066
06 0.578125 0.33624999999999994 0.08613636363636368 0.11238636363636362
06 0.07750000000000001 0.1325 0.06998579545454546 0.044985795454545466
05 0.5418826219512195 0.176875 0.05873475609756107 0.06121951219512195
14 0.31062500000000004 0.548125 0.04373214285714283 0.10623214285714283
