08 0.7087541118421052 0.75875 0.04749177631578949 0.039983552631578934
06 0.455625 0.5293749999999999 0.08124161073825509 0.05874161073825512
01 0.6125 0.57875 0.03745689655172413 0.03745689655172413
18 0.76 0.708125 0.017494444444444368 0.0212444444444444
08 0.51125 0.8875 0.03248809523809526 0.062488095238095176
14 0.14562499999999998 0.34562499999999996 0.05374297752808986 0.05124297752808987
01 0.14250000000000002 0.958125 0.022495098039215705 0.021245098039215593
15 0.143125 0.870625 0.028706896551724148 0.06870689655172413
05 0.42125 0.030625 0.03747844827586205 0.02122844827586207
07 0.29625 0.885 0.04988636363636362 0.019886363636363757
12 0.030624999999999996 0.508125 0.038735795454545446 0.04373579545454548
07 0.365625 0.434375 0.03621951219512198 0.051219512195122
