09 0.469375 0.114375 0.05373355263157892 0.04373355263157892
20 0.204375 0.575625 0.02624161073825504 0.018741610738255088
15 0.64 0.40125 0.009956896551724048 0.02745689655172412
07 0.445625 0.84125 0.04124444444444453 0.03999444444444433
08 0.135625 0.138125 0.013738095238095216 0.04873809523809523
01 0.68125 0.415625 0.02749297752808988 0.02624297752808985
15 0.099375 0.070625 0.03374509803921569 0.028745098039215697
03 0.31437499999999996 0.22625 0.0362068965517241 0.05995689655172412
08 0.226875 0.236875 0.05622844827586204 0.018728448275862064
01 0.7381249999999999 0.07625000000000001 0.016136363636363726 0.01738636363636363
01 0.6656249999999999 0.14375 0.023735795454545294 0.017485795454545455
14 0.475 0.28125 0.04246951219512202 0.039969512195122014
