00 0.03125 0.491875 0.022483552631578953 0.013733552631578938
14 0.835 0.420625 0.05749161073825493 0.013741610738255028
02 0.22875 0.060625 0.017456896551724138 0.01870689655172414
13 0.466875 0.20937499999999998 0.053744444444444484 0.028744444444444434
00 0.064375 0.9824999999999999 0.026238095238095234 0.019988095238095194
05 0.6925 0.4975 0.019992977528089817 0.014992977528089813
06 0.6912499999999999 0.8268737745098039 0.052495098039215704 0.03374754901960775
04 0.568125 0.213125 0.018706896551724084 0.016206896551724137
14 0.7793749999999999 0.93875 0.026228448275862237 0.0174784482758622
08 0.9456249999999999 0.26187499999999997 0.01363636363636378 0.028636363636363654
15 0.60375 0.31125 0.01498579545454548 0.00998579545454542
04 0.1175 0.5843750000000001 0.01996951219512194 0.016219512195121966
15 0.71875 0.27437500000000004 0.012482142857142886 0.0087321428571428
