06 0.3425 0.54375 0.022483552631578918 0.09498355263157887
06 0.9175 0.443125 0.014991610738254835 0.02874161073825504
08 0.753125 0.96875 0.036206896551724044 0.024956896551724173
03 0.17625000000000002 0.43625 0.029994444444444407 0.017494444444444535
06 0.18500297619047618 0.8225 0.019994047619047634 0.01498809523809519
08 0.59375 0.7618750000000001 0.039992977528089835 0.03124297752808991
11 0.48375 0.8768750000000001 0.02499509803921568 0.02374509803921565
06 0.25625 0.34 0.0949568965517241 0.03745689655172413
07 0.06625 0.544375 0.01747844827586207 0.03122844827586213
18 0.216875 0.10999999999999999 0.01613636363636367 0.019886363636363633
