13 0.351875 0.093125 0.01123355263157888 0.05623355263157895
20 0.545625 0.16625 0.01624161073825503 0.01749161073825503
04 0.22 0.63375 0.024956896551724117 0.022456896551724115
14 0.806875 0.7012499999999999 0.0212444444444444 0.027494444444444377
10 0.14125 0.5956250000000001 0.03248809523809523 0.026238095238095283
20 0.7125 0.86625 0.019992977528089817 0.014992977528089813
00 0.4125 0.88625 0.032495098039215686 0.034995098039215744
14 0.824375 0.719375 0.04870689655172411 0.061206896551724066
03 0.921875 0.489375 0.03372844827586219 0.018728448275862064
03 0.8587499999999999 0.2525 0.024886363636363762 0.04738636363636364
19 0.3175 0.321875 0.01498579545454548 0.038735795454545474
12 0.21000000000000002 0.16125 0.037469512195121984 0.03746951219512196
