07 0.94875 0.333125 0.07498355263157896 0.05123355263157897
09 0.6537499999999999 0.621875 0.059991610738254986 0.0537416107382549
11 0.708125 0.81125 0.0387068965517241 0.032456896551724124
20 0.27437500000000004 0.041874999999999996 0.031244444444444464 0.031244444444444443
07 0.5925 0.885625 0.05998809523809523 0.11623809523809503
14 0.143125 0.26625 0.03624297752808989 0.05749297752808988
12 0.35750000000000004 0.226875 0.05999509803921571 0.0737450980392157
03 0.17875000000000002 0.36750000000000005 0.022456896551724143 0.04995689655172414
14 0.386875 0.94125 0.018728448275862064 0.0849784482758622
08 0.0975 0.308125 0.03488636363636363 0.061136363636363655
14 0.791875 0.18875 0.04623579545454537 0.059985795454545465
07 0.74125 0.1456173780487805 0.087469512195122 0.026234756097560957
