06 0.8825000000000001 0.95875 0.07998355263157897 0.04498355263157894
11 0.315625 0.411875 0.031241610738255043 0.033741610738255046
00 0.24125000000000002 0.831875 0.037456896551724156 0.028706896551724093
14 0.174375 0.48 0.04874444444444445 0.024994444444444486
20 0.74375 0.193125 0.019988095238095083 0.018738095238095276
04 0.58375 0.9425 0.03249297752808977 0.029992977528089826
20 0.364375 0.910625 0.02624509803921571 0.02624509803921571
13 0.136875 0.556875 0.06870689655172413 0.036206896551724155
00 0.880625 0.18875 0.03372844827586219 0.029978448275862046
18 0.593125 0.04375 0.018636363636363562 0.022386363636363628
13 0.3925 0.42937499999999995 0.004985795454545472 0.09123579545454547
07 0.139375 0.1299923780487805 0.03621951219512193 0.077484756097561
06 0.461875 0.29375 0.036232142857142824 0.057482142857142815
06 0.3575 0.255 0.047487500000000016 0.057487500000000025
