06 0.46375 0.34750000000000003 0.07748355263157891 0.11998355263157895
16 0.335625 0.14500000000000002 0.05374161073825501 0.03499161073825505
20 0.32375 0.26375 0.02745689655172412 0.01745689655172411
06 0.7525 0.37812500000000004 0.07499444444444425 0.028744444444444517
10 0.389375 0.82125 0.03373809523809529 0.027488095238095145
09 0.57125 0.565 0.032492977528089884 0.049992977528089955
18 0.7125 0.54125 0.027495098039215682 0.02999509803921563
01 0.465625 0.5293749999999999 0.03120689655172415 0.03120689655172415
20 0.255625 0.404375 0.021228448275862094 0.02372844827586207
06 0.9199999999999999 0.45375 0.039886363636363664 0.0998863636363636
15 0.62625 0.234375 0.02498579545454549 0.013735795454545452
16 0.953125 0.091875 0.05871951219512206 0.04621951219512194
01 0.65875 0.126875 0.029982142857142846 0.03123214285714286
15 0.528125 0.495625 0.051237499999999936 0.038737500000000036
