03 0.605 0.75875 0.009983552631578907 0.019983552631578916
20 0.755 0.6868749999999999 0.014991610738254835 0.01624161073825492
19 0.669375 0.829375 0.026206896551724035 0.01370689655172408
05 0.36375 0.08687500000000001 0.022494444444444484 0.021244444444444455
01 0.1375 0.44937499999999997 0.014988095238095217 0.013738095238095271
15 0.29374999999999996 0.19375 0.009992977528089864 0.014992977528089868
12 0.588125 0.77625 0.046245098039215726 0.024995098039215735
02 0.506875 0.310625 0.02120689655172414 0.016206896551724137
16 0.876875 0.684375 0.011228448275862224 0.02372844827586229
13 0.16375 0.478125 0.027386363636363653 0.04363636363636364
11 0.57125 0.155625 0.01498579545454548 0.016235795454545482
04 0.463125 0.746875 0.02121951219512197 0.013719512195122019
11 0.2875 0.18312499999999998 0.017482142857142835 0.013732142857142832
