03 0.10500000000000001 0.863125 0.022483552631578932 0.0362335526315789
18 0.10625000000000001 0.033125 0.014991610738255043 0.01624161073825503
11 0.645625 0.065 0.028706896551724093 0.019956896551724147
04 0.37 0.803125 0.02999444444444449 0.026244444444444293
03 0.90875 0.48062499999999997 0.04998809523809522 0.021238095238095223
02 0.09125 0.4325 0.012492977528089894 0.02499297752808982
06 0.790001225490196 0.625 0.07249754901960792 0.007495098039215664
02 0.76 0.918125 0.029956896551724066 0.04870689655172411
06 0.5775 0.953125 0.09247844827586205 0.011228448275862224
03 0.7424999999999999 0.7637499999999999 0.019886363636363646 0.024886363636363762
04 0.7424999999999999 0.90625 0.019985795454545374 0.017485795454545316
16 0.7275 0.700625 0.022469512195121943 0.03621951219512198
05 0.686875 0.504375 0.02873214285714276 0.01623214285714286
12 0.655 0.07437500000000001 0.029987500000000056 0.03373750000000001
