01 0.260625 0.344375 0.043733552631578965 0.04623355263157891
04 0.29374999999999996 0.7625 0.04499161073825503 0.04749161073825492
08 0.4175 0.649375 0.06495689655172415 0.018706896551724195
03 0.835625 0.6993750000000001 0.033744444444444355 0.06874444444444439
03 0.86 0.201875 0.04998809523809511 0.03373809523809529
16 0.5018750000000001 0.15125 0.05124297752808993 0.057492977528089864
04 0.445625 0.10875 0.04874509803921567 0.029995098039215684
03 0.578125 0.27375 0.03120689655172404 0.04245689655172413
03 0.52875 0.953125 0.049978448275862064 0.03122844827586224
01 0.538125 0.06125 0.02863636363636357 0.029886363636363628
20 0.543125 0.6968749999999999 0.02123579545454546 0.021235795454545348
11 0.19874999999999998 0.388125 0.03996951219512199 0.03871951219512193
