12 0.905625 0.24125 0.04873355263157886 0.042483552631578936
05 0.328125 0.919375 0.04124161073825505 0.02374161073825498
03 0.763125 0.964375 0.043706896551724106 0.03120689655172415
11 0.759375 0.36375 0.033744444444444355 0.027494444444444488
11 0.41312499999999996 0.0625 0.03123809523809523 0.02248809523809523
04 0.931875 0.87 0.026242977528089906 0.022492977528089764
15 0.7887500000000001 0.54625 0.01999509803921573 0.03749509803921569
03 0.25875 0.965625 0.022456896551724115 0.05620689655172406
20 0.6325000000000001 0.20375 0.029978448275862157 0.032478448275862076
07 0.371875 0.49312500000000004 0.033636363636363575 0.07113636363636361
11 0.525 0.139375 0.03248579545454544 0.031235795454545467
