01 0.344375 0.40249999999999997 0.018733552631578887 0.01998355263157886
06 0.6799999999999999 0.31875 0.014991610738254946 0.019991610738255006
01 0.50125 0.155625 0.029956896551724177 0.021206896551724114
03 0.6399999999999999 0.940625 0.03499444444444444 0.016244444444444395
04 0.680625 0.2475 0.02623809523809506 0.02498809523809528
03 0.21250000000000002 0.736875 0.029992977528089854 0.03374297752808986
01 0.898125 0.89 0.0162450980392157 0.014995098039215726
04 0.305 0.9512499999999999 0.022456896551724115 0.014956896551724053
00 0.860625 0.101875 0.026228448275862237 0.021228448275862052
11 0.423125 0.6356250000000001 0.02613636363636357 0.026136363636363735
04 0.785625 0.856875 0.026235795454545352 0.02623579545454524
02 0.886875 0.9 0.02121951219512197 0.029969512195122006
03 0.22375 0.14125 0.02248214285714284 0.029982142857142874
06 0.6525 0.609375 0.0324875 0.016237499999999905
