07 0.05312499999999999 0.5662499999999999 0.08623355263157893 0.039983552631578934
01 0.343125 0.98125 0.02624161073825504 0.01999161073825484
10 0.96625 0.770625 0.03745689655172413 0.03120689655172404
09 0.31874861111111114 0.3525 0.044997222222222244 0.027494444444444488
12 0.80125 0.9199999999999999 0.06998809523809513 0.04248809523809516
03 0.179375 0.451875 0.01624297752808984 0.04374297752808981
03 0.66125 0.59875 0.05749509803921571 0.05749509803921571
13 0.4675 0.4675 0.07745689655172416 0.0724568965517241
16 0.829375 0.8275 0.05622844827586215 0.03997844827586228
13 0.65375 0.315625 0.03238636363636371 0.051136363636363646
00 0.72 0.94625 0.044985795454545285 0.03248579545454533
