05 0.2675 0.78 0.03748355263157899 0.02498355263157892
06 0.74875 0.425 0.06749161073825494 0.03249161073825502
11 0.62375 0.656875 0.022456896551724115 0.0237068965517242
14 0.08062638888888889 0.5718749999999999 0.021247222222222223 0.04124444444444453
04 0.6443749999999999 0.65625 0.026238095238095283 0.027488095238095145
06 0.8175 0.236875 0.014992977528089924 0.03374297752808986
20 0.25875000000000004 0.45625 0.012495098039215724 0.009995098039215722
00 0.7525 0.385 0.022456896551724115 0.01745689655172411
10 0.410625 0.620625 0.02372844827586207 0.018728448275862064
01 0.3225 0.43999999999999995 0.024886363636363595 0.024886363636363595
01 0.5193749999999999 0.16749999999999998 0.016235795454545454 0.017485795454545455
03 0.296875 0.18937500000000002 0.016219512195121966 0.021219512195121998
15 0.275625 0.048749999999999995 0.018732142857142864 0.024982142857142856
