02 0.725625 0.8143708881578947 0.05873355263157887 0.04124177631578951
05 0.370625 0.171875 0.021241610738255035 0.05374161073825506
16 0.860625 0.8500000000000001 0.05620689655172417 0.04245689655172413
10 0.455 0.900625 0.027494444444444488 0.023744444444444346
01 0.365625 0.7931250000000001 0.03373809523809529 0.021238095238095167
08 0.391875 0.474375 0.023742977528089904 0.05874297752808988
14 0.08124999999999999 0.9724999999999999 0.024995098039215694 0.02999509803921574
10 0.21625 0.05 0.032456896551724124 0.02995689655172415
10 0.16749999999999998 0.06812499999999999 0.029978448275862074 0.02872844827586206
16 0.38625 0.19187500000000002 0.052386363636363564 0.06363636363636369
12 0.32999999999999996 0.3375 0.03998579545454545 0.04748579545454551
07 0.7131326219512195 0.404375 0.17373475609756106 0.118719512195122
01 0.72375 0.556875 0.02498214285714284 0.02123214285714292
20 0.3725 0.124375 0.0324875 0.0287375
