14 0.641875 0.25187499999999996 0.023733552631578947 0.02623355263157895
13 0.9606250000000001 0.20875 0.028741610738254875 0.06999161073825505
14 0.97125 0.18937500000000002 0.03495689655172407 0.02870689655172412
03 0.671875 0.5325 0.023744444444444346 0.014994444444444532
15 0.6950000000000001 0.703125 0.02248809523809514 0.03623809523809518
08 0.435625 0.26375 0.008742977528089835 0.01749297752808987
01 0.28625 0.903125 0.027495098039215682 0.028745098039215766
06 0.47 0.170625 0.017456896551724166 0.07120689655172413
15 0.88375 0.919375 0.012478448275862197 0.018728448275862175
10 0.569375 0.26937500000000003 0.03863636363636358 0.038636363636363635
03 0.07 0.569375 0.02248579545454546 0.02123579545454546
11 0.33687500000000004 0.16062500000000002 0.03371951219512198 0.016219512195121966
13 0.08375 0.08625000000000001 0.02498214285714287 0.09748214285714288
