15 0.55 0.374375 0.01748355263157897 0.013733552631578883
03 0.17874790268456375 0.72 0.01999580536912751 0.012491610738254888
04 0.3025 0.66 0.019956896551724113 0.014956896551724164
20 0.8981250000000001 0.15999999999999998 0.016244444444444395 0.014994444444444449
18 0.8887499999999999 0.14875 0.009988095238095185 0.012488095238095243
01 0.6481250000000001 0.91875 0.008742977528089946 0.007492977528089861
08 0.3325 0.7012499999999999 0.01499509803921567 0.01999509803921573
13 0.509375 0.5225 0.036206896551724155 0.04245689655172413
04 0.7893749999999999 0.7593749999999999 0.02372844827586229 0.018728448275862175
04 0.156875 0.33125 0.018636363636363645 0.01738636363636359
01 0.08875 0.764375 0.014985795454545467 0.016235795454545343
