12 0.676875 0.89125 0.026233552631578894 0.03498355263157893
18 0.6018749999999999 0.8456250000000001 0.013741610738254972 0.01624161073825492
13 0.43 0.9125000000000001 0.019956896551724168 0.05245689655172414
03 0.13124999999999998 0.923125 0.022494444444444456 0.02874444444444435
10 0.12375 0.684375 0.017488095238095233 0.01623809523809505
20 0.5900000000000001 0.285625 0.014992977528089813 0.01374297752808984
11 0.700625 0.45 0.021245098039215704 0.017495098039215673
06 0.5325 0.22749999999999998 0.0649568965517241 0.009956896551724131
06 0.71625 0.425 0.049978448275862175 0.049978448275862064
06 0.5974999999999999 0.295 0.054886363636363567 0.07238636363636364
07 0.486875 0.190625 0.033735795454545525 0.016235795454545482
01 0.190625 0.24625 0.016219512195121993 0.017469512195121994
03 0.736875 0.9806205357142856 0.03123214285714282 0.01874107142857151
