03 0.43125 0.25125 0.05498355263157889 0.08248355263157897
19 0.39125 0.518125 0.027491610738255068 0.043741610738255
12 0.4475 0.213125 0.0649568965517241 0.06870689655172413
06 0.628125 0.76 0.10624444444444447 0.08499444444444437
10 0.534375 0.034375 0.043738095238095354 0.036238095238095236
01 0.795625 0.0375 0.026242977528089906 0.017492977528089884
03 0.60875 0.15187499999999998 0.049995098039215646 0.0462450980392157
11 0.106875 0.17562499999999998 0.04870689655172411 0.033706896551724125
11 0.140625 0.47125 0.05122844827586205 0.04247844827586211
00 0.605625 0.366875 0.03613636363636363 0.026136363636363624
