14 0.6168750000000001 0.171875 0.033733552631578845 0.04123355263157896
01 0.575 0.271875 0.024991610738255066 0.02624161073825504
01 0.40125 0.6643749999999999 0.02995689655172412 0.028706896551724204
01 0.03125 0.24 0.01749444444444444 0.019994444444444426
03 0.6712529761904762 0.6243750000000001 0.042494047619047515 0.033738095238095345
14 0.03125 0.16375 0.02249297752808989 0.02499297752808985
01 0.8062499999999999 0.146875 0.022495098039215677 0.023745098039215706
15 0.91625 0.281875 0.04245689655172413 0.05620689655172412
04 0.251875 0.325625 0.03872844827586208 0.036228448275862024
18 0.270625 0.8125 0.021136363636363675 0.022386363636363704
13 0.71625 0.576875 0.06748579545454525 0.08373579545454546
04 0.8825000000000001 0.16312500000000002 0.03746951219512196 0.021219512195121942
09 0.064375 0.6775 0.03623214285714285 0.019982142857142837
