03 0.5625 0.8531249999999999 0.022483552631578974 0.018733552631578942
04 0.07250000000000001 0.518125 0.017491610738255045 0.021241610738255035
05 0.44375 0.655625 0.02995689655172412 0.016206896551724137
12 0.474375 0.8981250000000001 0.036244444444444524 0.03624444444444441
18 0.040625 0.7793749999999999 0.01373809523809523 0.01623809523809505
04 0.12375 0.5775 0.019992977528089872 0.014992977528089924
11 0.691875 0.28937500000000005 0.018745098039215646 0.018745098039215702
03 0.791875 0.200625 0.0387068965517241 0.03870689655172413
03 0.1981303879310345 0.89375 0.01123922413793102 0.01997844827586215
14 0.209375 0.275625 0.018636363636363673 0.051136363636363646
01 0.39625 0.130625 0.037485795454545445 0.03623579545454546
