03 0.171875 0.31125 0.05623355263157895 0.04748355263157894
14 0.38749999999999996 0.5137499999999999 0.01749161073825506 0.02999161073825507
06 0.5475 0.26687500000000003 0.01745689655172411 0.06370689655172415
10 0.23375 0.931875 0.019994444444444426 0.016244444444444284
04 0.10875 0.8787499999999999 0.022488095238095224 0.02248809523809514
04 0.25 0.559375 0.02499297752808985 0.016242977528089786
03 0.39125 0.301875 0.05999509803921571 0.018745098039215646
10 0.543125 0.30562500000000004 0.028706896551724093 0.028706896551724148
04 0.20124999999999998 0.935625 0.022478448275862067 0.02372844827586218
02 0.30937499999999996 0.2525 0.02613636363636368 0.02738636363636368
15 0.028749999999999998 0.33875 0.007485795454545457 0.017485795454545427
06 0.44562500000000005 0.791875 0.018719512195121968 0.008719512195122014
00 0.573125 0.13624999999999998 0.026232142857142815 0.02498214285714287
