00 0.79125 0.76375 0.014983552631578911 0.014983552631578911
02 0.94625 0.91875 0.014991610738254946 0.012491610738254888
08 0.108125 0.675 0.011206896551724133 0.032456896551724124
11 0.34625 0.06625 0.027494444444444488 0.012494444444444447
09 0.195625 0.390625 0.016238095238095274 0.031238095238095287
00 0.860625 0.259375 0.018742977528089844 0.018742977528089844
12 0.273125 0.360625 0.02374509803921565 0.02874509803921571
15 0.8625 0.81 0.00995689655172416 0.019956896551724168
03 0.6675 0.408125 0.03497844827586216 0.018728448275862064
09 0.5787500000000001 0.3075 0.0323863636363636 0.03238636363636366
04 0.2625 0.8162499999999999 0.02498579545454549 0.024985795454545268
19 0.534375 0.205625 0.023719512195122028 0.02121951219512197
15 0.5862499999999999 0.17812499999999998 0.012482142857142775 0.013732142857142832
