07 0.1325 0.8512500000000001 0.01998355263157893 0.09998355263157899
05 0.490625 0.9081250000000001 0.05874161073825501 0.04124161073825483
15 0.32 0.44125 0.022456896551724115 0.032456896551724124
01 0.275 0.11937500000000001 0.02499444444444443 0.018744444444444466
03 0.733125 0.483125 0.031238095238095176 0.041238095238095296
10 0.7424999999999999 0.57875 0.03499297752808983 0.02749297752808988
05 0.86375 0.461875 0.052495098039215704 0.05374509803921568
13 0.21250000000000002 0.9256249999999999 0.13745689655172413 0.06120689655172418
01 0.120625 0.2475 0.03372844827586205 0.032478448275862076
05 0.805625 0.6968749999999999 0.028636363636363682 0.05613636363636376
00 0.655 0.7275 0.05248579545454535 0.04998579545454529
00 0.9325000000000001 0.8512500000000001 0.057469512195121975 0.04496951219512202
14 0.5718749999999999 0.70375 0.08373214285714281 0.02748214285714279
