16 0.7050000000000001 0.09 0.05998355263157895 0.04998355263157894
14 0.415625 0.546875 0.051241610738255006 0.05374161073825512
18 0.5700000000000001 0.06125 0.032456896551724124 0.03495689655172415
07 0.139375 0.514375 0.08124444444444445 0.023744444444444457
05 0.23249999999999998 0.343125 0.05248809523809525 0.026238095238095283
06 0.8868767556179775 0.31 0.02124648876404489 0.04249297752808989
06 0.6956262254901961 0.324375 0.016247549019607788 0.1637450980392157
01 0.7887500000000001 0.675 0.03495689655172407 0.029956896551724177
03 0.3425 0.042499999999999996 0.05997844827586202 0.02747844827586207
15 0.24312499999999998 0.38312500000000005 0.05863636363636368 0.046136363636363587
16 0.2575 0.935 0.04498579545454551 0.07248579545454537
12 0.15250000000000002 0.1275 0.04996951219512194 0.06996951219512197
14 0.038125 0.8668750000000001 0.05373214285714285 0.06373214285714279
01 0.5856250000000001 0.7481249999999999 0.03373750000000009 0.03373750000000009
