12 0.30937499999999996 0.384375 0.06623355263157898 0.04623355263157891
07 0.77 0.926875 0.06999161073825488 0.08624161073825487
13 0.11249999999999999 0.07999999999999999 0.03495689655172411 0.07245689655172413
04 0.16624999999999998 0.27125 0.039994444444444444 0.03749444444444444
03 0.9 0.575625 0.08998809523809514 0.04873809523809525
14 0.553125 0.26749999999999996 0.05874297752808988 0.062492977528089855
09 0.4375 0.42874999999999996 0.027495098039215682 0.0499950980392157
13 0.876875 0.345 0.0387068965517241 0.017456896551724166
06 0.5775053879310345 0.18562499999999998 0.06498922413793107 0.10122844827586205
01 0.510625 0.9650000000000001 0.04113636363636358 0.03488636363636377
06 0.89375 0.21500000000000002 0.06748579545454525 0.10498579545454548
12 0.915 0.788125 0.05996951219512192 0.056219512195122
05 0.47875 0.509375 0.03498214285714285 0.036232142857142824
06 0.380003125 0.639375 0.014993750000000028 0.14623750000000002
