20 0.6825 0.79875 0.029983552631578814 0.02498355263157892
05 0.6199999999999999 0.31375 0.042491610738255026 0.03249161073825507
03 0.7268749999999999 0.07375 0.03870689655172421 0.08995689655172413
03 0.10625000000000001 0.816875 0.05499444444444446 0.061244444444444324
03 0.3825 0.4575 0.027488095238095256 0.037488095238095265
20 0.784375 0.634375 0.03874297752808986 0.036242977528089915
06 0.4175 0.4625 0.03499509803921569 0.03999509803921569
03 0.588125 0.26875 0.05120689655172406 0.09245689655172415
07 0.29312499999999997 0.27312499999999995 0.07872844827586206 0.02622844827586207
06 0.845 0.329375 0.03238636363636371 0.05363636363636365
15 0.8056285511363637 0.8825000000000001 0.02624289772727262 0.019985795454545374
12 0.210625 0.2918673780487805 0.07121951219512199 0.046234756097561
