14 0.76625 0.2425 0.04498355263157894 0.029983552631579008
00 0.5375000000000001 0.143125 0.02999161073825507 0.021241610738255035
01 0.195 0.83875 0.014956896551724136 0.009956896551724048
01 0.83875 0.910625 0.02499444444444432 0.023744444444444346
13 0.4131220238095238 0.6937500000000001 0.051244047619047606 0.034988095238095096
14 0.426875 0.7618750000000001 0.03374297752808986 0.04624297752808981
06 0.629375 0.6737500000000001 0.02624509803921571 0.02999509803921574
08 0.8456250000000001 0.326875 0.023706896551724088 0.0362068965517241
06 0.173125 0.600625 0.008728448275862055 0.10372844827586214
03 0.680625 0.2875 0.0336363636363638 0.017386363636363644
11 0.6993750000000001 0.74 0.031235795454545356 0.029985795454545272
