01 0.09312499999999999 0.225 0.04123355263157895 0.034983552631578985
13 0.545 0.6775 0.10999161073825509 0.042491610738254915
09 0.4675 0.315 0.062456896551724095 0.07245689655172416
18 0.3875 0.71625 0.027494444444444488 0.029994444444444324
14 0.74375 0.36124999999999996 0.062488095238095065 0.049988095238095276
10 0.97 0.495 0.039992977528089835 0.024992977528089877
07 0.8200000000000001 0.46625 0.05499509803921565 0.032495098039215686
07 0.379375 0.452489224137931 0.09120689655172415 0.05497844827586207
05 0.12625 0.19624999999999998 0.052478448275862066 0.029978448275862074
14 0.89 0.555625 0.03238636363636371 0.08363636363636362
12 0.37687499999999996 0.14500000000000002 0.08623579545454546 0.04498579545454548
20 0.346875 0.55375 0.026219512195121975 0.022469512195121943
