13 0.365 0.519375 0.09748355263157893 0.07123355263157888
00 0.7250000000000001 0.28125 0.049991610738254866 0.03249161073825502
20 0.416875 0.724375 0.023706896551724088 0.02120689655172414
10 0.941875 0.15999999999999998 0.04124444444444442 0.03499444444444447
03 0.799375 0.665 0.07373809523809516 0.06998809523809524
08 0.3075 0.720625 0.05499297752808985 0.028742977528089853
14 0.405625 0.11875 0.018745098039215702 0.044995098039215684
08 0.40375 0.8674999999999999 0.032456896551724124 0.05495689655172409
01 0.6925 0.598125 0.042478448275862224 0.03372844827586208
15 0.91875 0.28625 0.057386363636363735 0.02738636363636371
01 0.138125 0.38625 0.05873579545454548 0.03498579545454544
10 0.890625 0.7581249999999999 0.03871951219512204 0.02871951219512192
10 0.875625 0.094375 0.02373214285714287 0.021232142857142866
