02 0.61125 0.355625 0.02498355263157892 0.0362335526315789
03 0.8912500000000001 0.515625 0.05749161073825493 0.021241610738255146
07 0.094375 0.7625 0.06370689655172415 0.029956896551724177
15 0.064375 0.494375 0.02624444444444444 0.06124444444444449
13 0.3 0.7893749999999999 0.05248809523809528 0.0762380952380951
15 0.0675 0.72 0.030000000000000006 0.022492977528089875
07 0.351875 0.205625 0.06874509803921569 0.0162450980392157
09 0.206875 0.640625 0.05120689655172411 0.03370689655172421
08 0.805 0.433125 0.032478448275862215 0.021228448275862066
14 0.43 0.55125 0.027386363636363598 0.04238636363636361
13 0.708125 0.52625 0.08373579545454524 0.01748579545454554
18 0.21000000000000002 0.06375 0.024969512195121973 0.027469512195121948
