20 0.016875 0.080625 0.016233552631578947 0.016233552631578954
12 0.22062500000000002 0.769375 0.03124161073825507 0.031241610738254932
14 0.044375 0.048125 0.023706896551724137 0.02870689655172414
04 0.67625 0.23 0.027494444444444377 0.02499444444444443
17 0.89375 0.208125 0.027488095238095145 0.02373809523809528
06 0.40937500000000004 0.809375 0.0062429775280898325 0.08124297752808984
14 0.813125 0.311875 0.023745098039215762 0.03624509803921572
12 0.119375 0.303125 0.033706896551724125 0.03870689655172416
06 0.703125 0.17625000000000002 0.07622844827586217 0.017478448275862063
14 0.7424999999999999 0.575625 0.04488636363636378 0.028636363636363682
10 0.30874999999999997 0.213125 0.02998579545454544 0.02123579545454546
