03 0.8831249999999999 0.27375 0.033733552631578845 0.047483552631578996
03 0.23375 0.454375 0.07499161073825503 0.02874161073825504
10 0.135 0.6475 0.02245689655172413 0.049956896551724195
04 0.9137500000000001 0.123125 0.04499444444444445 0.04874444444444445
14 0.76875 0.343125 0.03248809523809515 0.056238095238095254
16 0.359375 0.670625 0.06624297752808983 0.053742977528089875
10 0.9612499999999999 0.501875 0.03999509803921575 0.026245098039215653
07 0.45125 0.405 0.012456896551724106 0.044956896551724135
04 0.859375 0.42125 0.038728448275862304 0.039978448275862055
15 0.19437500000000002 0.218125 0.053636363636363676 0.09863636363636366
07 0.4525 0.40249999999999997 0.019985795454545485 0.06998579545454547
11 0.369375 0.4575 0.05371951219512194 0.034969512195121955
13 0.19874999999999998 0.325625 0.13498214285714283 0.05873214285714279
18 0.11875 0.29374999999999996 0.027487499999999998 0.0299875
