06 0.5950041118421052 0.7987500000000001 0.02999177631578942 0.0624835526315789
00 0.473125 0.169375 0.033741610738255046 0.023741610738255037
02 0.844375 0.128125 0.04870689655172411 0.05370689655172414
12 0.536875 0.949375 0.04874444444444448 0.05374444444444437
04 0.389375 0.04375 0.02373809523809528 0.03248809523809523
01 0.51125 0.155 0.024992977528089877 0.019992977528089872
12 0.41312499999999996 0.03375 0.033745098039215715 0.032495098039215686
16 0.349375 0.31999999999999995 0.01870689655172414 0.03995689655172413
04 0.5775 0.358125 0.0274784482758621 0.023728448275862013
14 0.143125 0.12937500000000002 0.02113636363636362 0.016136363636363643
13 0.89625 0.726875 0.02248579545454532 0.06873579545454533
17 0.490625 0.916875 0.02621951219512203 0.028719512195122032
