06 0.40249999999999997 0.7475 0.0649835526315789 0.06998355263157896
02 0.234375 0.10750000000000001 0.03874161073825502 0.02249161073825505
08 0.08312499999999999 0.7637499999999999 0.013706896551724135 0.039956896551724186
13 0.4175 0.88 0.044994444444444504 0.022494444444444373
05 0.31875 0.53 0.02748809523809531 0.029988095238095314
05 0.28 0.21250000000000002 0.034992977528089886 0.017492977528089843
18 0.75 0.815 0.01999509803921562 0.022495098039215677
14 0.305 0.22312500000000002 0.04245689655172413 0.01620689655172411
05 0.5874999999999999 0.69125 0.014978448275862033 0.032478448275862215
04 0.476875 0.909375 0.018636363636363562 0.02113636363636373
