15 0.438125 0.36624999999999996 0.05373355263157892 0.024983552631578865
06 0.41500000000000004 0.6412499999999999 0.04999161073825503 0.034991610738254963
12 0.08499999999999999 0.609989224137931 0.06245689655172414 0.037478448275862
11 0.909375 0.253125 0.026244444444444404 0.026244444444444404
07 0.246875 0.36875 0.028738095238095257 0.029988095238095258
06 0.13999999999999999 0.34375 0.06499297752808986 0.012492977528089866
08 0.11000000000000001 0.2025 0.0349950980392157 0.032495098039215714
11 0.9199999999999999 0.85625 0.029956896551724177 0.019956896551724168
12 0.294375 0.861875 0.03122844827586202 0.02372844827586229
03 0.5175000000000001 0.2375 0.012386363636363584 0.03488636363636366
