02 0.6568750000000001 0.561875 0.02123355263157889 0.03873355263157885
12 0.21375 0.681875 0.03749161073825505 0.04124161073825494
20 0.2525 0.77625 0.014956896551724136 0.014956896551724164
01 0.82125 0.116875 0.017494444444444368 0.018744444444444466
09 0.5987499999999999 0.7887500000000001 0.037488095238095265 0.03248809523809515
08 0.581875 0.02 0.016242977528089897 0.02999297752808989
11 0.21437499999999998 0.238125 0.031245098039215685 0.02874509803921571
07 0.03375 0.03875000000000001 0.009956896551724135 0.04495689655172414
12 0.39812499999999995 0.195 0.031228448275862075 0.03497844827586205
20 0.93125 0.35250000000000004 0.03238636363636371 0.034886363636363604
