07 0.8024958881578947 0.206875 0.02249177631578947 0.03623355263157896
02 0.085 0.67125 0.019991610738255033 0.024991610738254844
03 0.54625 0.25312500000000004 0.03495689655172418 0.01870689655172414
03 0.76875 0.28812499999999996 0.04249444444444428 0.021244444444444455
03 0.02375 0.39125 0.012488095238095236 0.029988095238095258
03 0.911875 0.080625 0.028742977528089853 0.031242977528089882
06 0.053125 0.604375 0.02124509803921569 0.06124509803921563
20 0.093125 0.91875 0.011206896551724133 0.012456896551724106
03 0.33062499999999995 0.221875 0.016228448275862062 0.021228448275862066
06 0.905 0.644375 0.04488636363636378 0.03613636363636363
03 0.701875 0.5349999999999999 0.021235795454545348 0.02498579545454549
08 0.9856326219512195 0.31 0.026234756097560985 0.029969512195122006
