13 0.836875 0.31437499999999996 0.23623355263157897 0.0962335526315789
03 0.4625 0.6087499999999999 0.10999161073825509 0.07999161073825489
20 0.548125 0.02875 0.043706896551724106 0.03495689655172414
07 0.4525 0.856875 0.07499444444444447 0.1562444444444443
13 0.5149999999999999 0.45625 0.28248809523809515 0.2799880952380952
14 0.83125 0.37625 0.11749297752808985 0.1274929775280898
03 0.2625 0.813125 0.09499509803921569 0.14374509803921565
04 0.71875 0.634375 0.10995689655172414 0.11120689655172411
10 0.1925 0.188125 0.07497844827586206 0.051228448275862065
15 0.575 0.685625 0.06738636363636352 0.16113636363636363
13 0.6131249999999999 0.4275 0.4312357954545453 0.20498579545454548
06 0.42874999999999996 0.656875 0.03996951219512196 0.353719512195122
