04 0.144375 0.15750000000000003 0.04123355263157895 0.032483552631578955
00 0.9624999999999999 0.599375 0.049991610738254866 0.038741610738254995
14 0.1575 0.736875 0.03745689655172413 0.03870689655172421
03 0.858125 0.5706249999999999 0.04624444444444431 0.03624444444444441
04 0.638125 0.68625 0.031238095238095176 0.024988095238095087
03 0.253125 0.8275 0.031242977528089882 0.08999297752808988
03 0.725 0.943125 0.03999509803921564 0.06374509803921569
14 0.65375 0.599375 0.05245689655172414 0.036206896551724155
15 0.791875 0.299375 0.016228448275862117 0.03372844827586208
09 0.111875 0.933125 0.06363636363636362 0.05863636363636371
