05 0.32499999999999996 0.028125 0.022483552631578918 0.05123355263157895
02 0.955625 0.33125 0.02374161073825498 0.03749161073825502
18 0.6481250000000001 0.09937499999999999 0.023706896551724088 0.026206896551724132
02 0.58375 0.18125000000000002 0.027494444444444488 0.039994444444444416
13 0.49312500000000004 0.64625 0.031238095238095287 0.09498809523809515
06 0.15499999999999997 0.60875 0.10249297752808986 0.039992977528089835
08 0.5218750000000001 0.318125 0.04374509803921567 0.028745098039215655
09 0.190625 0.060625 0.01870689655172411 0.043706896551724134
11 0.915 0.735625 0.04497844827586217 0.03122844827586224
06 0.37375 0.9706250000000001 0.07738636363636359 0.053636363636363815
13 0.8075 0.653125 0.044985795454545396 0.11123579545454532
01 0.680625 0.6956249999999999 0.043719512195122046 0.03371951219512204
03 0.195 0.08 0.03998214285714283 0.039982142857142855
