10 0.7293750000000001 0.856875 0.04123355263157891 0.0362335526315789
12 0.5549999999999999 0.6199999999999999 0.05499161073825498 0.08499161073825501
04 0.555625 0.525625 0.05120689655172417 0.04870689655172411
12 0.5318750000000001 0.7831250000000001 0.053744444444444484 0.05624444444444443
20 0.3025 0.7525 0.03498809523809526 0.019988095238095194
02 0.159375 0.823125 0.06624297752808989 0.053742977528089764
03 0.488126225490196 0.251875 0.058747549019607825 0.02374509803921568
00 0.7875000000000001 0.145 0.05245689655172414 0.05495689655172413
00 0.2075 0.10500000000000001 0.052478448275862066 0.034978448275862065
06 0.638125 0.483125 0.21363636363636362 0.021136363636363564
13 0.203125 0.92625 0.21373579545454546 0.07498579545454531
