20 0.35250000000000004 0.369375 0.024983552631578865 0.026233552631578894
10 0.110625 0.208125 0.043741610738255055 0.033741610738255046
13 0.711875 0.73875 0.1537068965517241 0.03495689655172418
04 0.590625 0.22875 0.043744444444444475 0.037494444444444414
06 0.1275 0.9825 0.12498809523809526 0.027488095238095145
06 0.8674999999999999 0.628125 0.014992977528089813 0.11124297752808987
09 0.0825 0.7575000000000001 0.054995098039215685 0.0574950980392156
18 0.221875 0.72 0.02870689655172412 0.032456896551724124
12 0.1575 0.4225 0.062478448275862075 0.05747844827586207
02 0.8825000000000001 0.76 0.05988636363636368 0.03488636363636366
03 0.495 0.225 0.029985795454545494 0.059985795454545465
