06 0.30937911184210526 0.8981250000000001 0.011241776315789487 0.07123355263157893
20 0.756875 0.82375 0.028741610738254875 0.02999161073825496
12 0.176875 0.788125 0.046206896551724136 0.05870689655172412
00 0.41 0.973125 0.0424944444444445 0.0362444444444443
14 0.161875 0.636875 0.03123809523809526 0.06373809523809526
07 0.7843767556179775 0.56375 0.053746488764044975 0.049992977528089844
12 0.815 0.454375 0.05499509803921565 0.08874509803921565
03 0.671875 0.90875 0.03120689655172404 0.059956896551724204
03 0.17625000000000002 0.455 0.029978448275862074 0.024978448275862042
01 0.796875 0.28812499999999996 0.018636363636363784 0.01613636363636367
11 0.489375 0.26875 0.03373579545454547 0.027485795454545436
10 0.516875 0.47687500000000005 0.026219512195121975 0.018719512195121968
