06 0.27625 0.96 0.014983552631578967 0.0624835526315789
04 0.8525 0.514375 0.01999161073825484 0.023741610738255092
07 0.515625 0.675 0.08870689655172415 0.03495689655172407
14 0.6025 0.55 0.0424944444444445 0.03249444444444449
00 0.641875 0.6475 0.03873809523809513 0.027488095238095145
06 0.6981250000000001 0.8943749999999999 0.03374297752808986 0.07374297752808989
16 0.483125 0.8025 0.041245098039215666 0.034995098039215744
06 0.130625 0.454375 0.00870689655172413 0.028706896551724148
04 0.204375 0.330625 0.031228448275862075 0.02372844827586207
08 0.833125 0.11934659090909092 0.011136363636363722 0.02119318181818182
01 0.6025 0.08499999999999999 0.04248579545454545 0.03748579545454546
07 0.186875 0.9137500000000001 0.03121951219512198 0.012469512195122046
13 0.48250000000000004 0.37875000000000003 0.04498214285714286 0.09248214285714279
