20 0.3575 0.551875 0.019983552631578916 0.013733552631578938
04 0.275625 0.3925 0.023741610738255037 0.024991610738255066
05 0.845625 0.12625 0.026206896551724146 0.02745689655172412
20 0.58875 0.65875 0.01749444444444448 0.012494444444444253
09 0.46937797619047616 0.203125 0.031244047619047643 0.013738095238095271
09 0.611875 0.344375 0.03374297752808986 0.023742977528089848
08 0.82875 0.144375 0.014995098039215726 0.021245098039215704
10 0.973125 0.12125 0.016206896551724137 0.014956896551724108
06 0.79375 0.358125 0.05247844827586212 0.04622844827586209
13 0.36750000000000005 0.45 0.07738636363636359 0.047386363636363615
11 0.55375 0.30062500000000003 0.02498579545454549 0.021235795454545514
11 0.8975 0.799375 0.027469512195121948 0.02871951219512192
