11 0.734375 0.7625 0.04623355263157891 0.03498355263157882
20 0.9762500000000001 0.785 0.024991610738254955 0.022491610738254897
04 0.8125 0.8731249999999999 0.049956896551724084 0.04120689655172416
03 0.425 0.231875 0.0374944444444445 0.06874444444444441
00 0.06 0.786875 0.04998809523809524 0.05373809523809514
20 0.1175 0.7706249999999999 0.039992977528089876 0.03374297752808986
07 0.690625 0.736875 0.11124509803921567 0.028745098039215766
00 0.205625 0.280625 0.05120689655172411 0.03370689655172415
18 0.54375 0.84875 0.029978448275862046 0.032478448275862215
11 0.8987499999999999 0.42 0.05488636363636379 0.0323863636363636
04 0.10625 0.90625 0.029985795454545466 0.03248579545454522
