13 0.609375 0.37625 0.061233552631578814 0.20748355263157892
04 0.30125 0.763125 0.03499161073825502 0.021241610738254812
11 0.88375 0.9781249999999999 0.03745689655172413 0.03120689655172415
19 0.735625 0.70875 0.041244444444444306 0.054994444444444346
03 0.37124999999999997 0.18937500000000002 0.06748809523809524 0.09873809523809526
09 0.174375 0.454375 0.028742977528089853 0.05374297752808982
15 0.18312499999999998 0.81 0.02624509803921568 0.027495098039215793
20 0.042499999999999996 0.09125 0.03245689655172414 0.024956896551724145
20 0.310625 0.15250000000000002 0.03872844827586208 0.02497844827586207
00 0.354375 0.42125 0.056136363636363595 0.03988636363636361
03 0.861875 0.04875 0.05373579545454532 0.07498579545454545
