03 0.8875 0.874375 0.012483552631578854 0.033733552631578956
07 0.104375 0.3275 0.01124161073825504 0.06249161073825504
04 0.500625 0.116875 0.028706896551724093 0.02120689655172414
03 0.6712499999999999 0.514375 0.007494444444444359 0.0712444444444445
01 0.30437499999999995 0.310625 0.013738095238095271 0.01123809523809527
07 0.43062500000000004 0.333125 0.05374297752808982 0.021242977528089846
13 0.74125 0.6112500000000001 0.0474950980392157 0.05499509803921565
01 0.51875 0.44 0.014956896551724053 0.012456896551724106
04 0.08687500000000001 0.825625 0.02872844827586206 0.018728448275862175
01 0.395 0.486875 0.022386363636363593 0.018636363636363562
