03 0.7875 0.5018750000000001 0.007483552631578849 0.018733552631578942
14 0.429375 0.33999999999999997 0.01624161073825503 0.03749161073825508
12 0.195625 0.063125 0.03870689655172413 0.04620689655172414
12 0.27937500000000004 0.95875 0.038744444444444415 0.04249444444444439
01 0.5275 0.6925 0.012488095238095243 0.009988095238095074
03 0.838125 0.660625 0.016242977528089897 0.016242977528089897
12 0.59375 0.9175 0.0324950980392158 0.03749509803921569
12 0.275 0.58625 0.03745689655172413 0.03745689655172413
18 0.343125 0.864375 0.018728448275862064 0.021228448275862233
02 0.25125000000000003 0.11875 0.029886363636363683 0.024886363636363637
12 0.8925 0.060625 0.04748579545454534 0.036235795454545444
01 0.30062500000000003 0.8768750000000001 0.013719512195121963 0.016219512195121966
17 0.34625 0.22062500000000002 0.029982142857142846 0.03373214285714285
09 0.0325 0.45875 0.0199875 0.0324875
