00 0.38 0.5237499999999999 0.04248355263157888 0.04248355263157888
13 0.6525 0.49 0.09249161073825496 0.027491610738255012
02 0.1325 0.098125 0.04995689655172414 0.03620689655172413
14 0.24312499999999998 0.62375 0.03624444444444441 0.08499444444444448
11 0.61875 0.2125 0.04248809523809527 0.03248809523809526
08 0.158125 0.515625 0.05124297752808987 0.02374297752808996
18 0.85625 0.57125 0.027495098039215682 0.02999509803921574
10 0.794375 0.044375000000000005 0.03870689655172421 0.03120689655172414
04 0.7068749999999999 0.845 0.0487284482758622 0.042478448275862224
14 0.97125 0.524375 0.039886363636363664 0.05863636363636365
09 0.135 0.155 0.04748579545454547 0.027485795454545492
