04 0.12687500000000002 0.6487499999999999 0.03873355263157893 0.039983552631578934
06 0.49187500000000006 0.234375 0.06874161073825508 0.14624161073825503
14 0.971875 0.391875 0.018706896551724195 0.11120689655172417
19 0.8125 0.748125 0.03499444444444433 0.05374444444444437
04 0.130625 0.7925 0.04873809523809523 0.02998809523809509
03 0.104375 0.435 0.05124297752808987 0.032492977528089884
15 0.061250000000000006 0.746875 0.04999509803921569 0.07124509803921575
20 0.7337499999999999 0.2275 0.04245689655172413 0.03995689655172413
08 0.136875 0.93125 0.06372844827586205 0.022478448275862206
04 0.600625 0.49624999999999997 0.04863636363636359 0.034886363636363604
08 0.8118749999999999 0.474375 0.08373579545454535 0.041235795454545476
14 0.6993750000000001 0.756875 0.06871951219512196 0.04871951219512194
