14 0.71625 0.4625 0.06498355263157884 0.024983552631578865
00 0.631875 0.7849999999999999 0.03374161073825488 0.0274916107382549
00 0.221875 0.535625 0.05370689655172414 0.04870689655172411
14 0.2075 0.431875 0.017494444444444424 0.05124444444444448
12 0.71625 0.794375 0.03998809523809521 0.04373809523809513
12 0.764375 0.385625 0.03874297752808986 0.03874297752808986
11 0.619375 0.410625 0.038745098039215664 0.02624509803921571
09 0.92625 0.871875 0.05995689655172409 0.028706896551724204
13 0.79375 0.889375 0.022478448275862206 0.06872844827586222
03 0.8975 0.869375 0.02738636363636371 0.02113636363636373
14 0.673125 0.91 0.031235795454545356 0.06748579545454536
19 0.08875 0.5431250000000001 0.04246951219512195 0.023719512195122028
10 0.75625 0.5025000000000001 0.02748214285714279 0.027482142857142844
