08 0.6100000000000001 0.360625 0.029983552631578925 0.021233552631578945
00 0.6675 0.74625 0.017491610738254892 0.012491610738254888
01 0.06251077586206896 0.8143750000000001 0.007478448275862075 0.011206896551724133
00 0.44625000000000004 0.054375 0.024994444444444486 0.01874444444444444
05 0.081875 0.969375 0.018738095238095234 0.02623809523809517
18 0.15250000000000002 0.0225 0.012492977528089894 0.014992977528089887
13 0.90125 0.241875 0.0474950980392157 0.02624509803921571
04 0.2525 0.5318750000000001 0.022456896551724115 0.02120689655172414
20 0.6643749999999999 0.93375 0.01622844827586223 0.012478448275862197
18 0.09875 0.8062499999999999 0.012386363636363626 0.014886363636363753
04 0.629375 0.406875 0.016235795454545454 0.018735795454545456
11 0.165 0.635 0.01996951219512194 0.022469512195121943
13 0.886875 0.8362499999999999 0.036232142857142824 0.04748214285714292
