13 0.580625 0.896875 0.11123355263157897 0.026233552631578894
10 0.395 0.12437499999999999 0.05499161073825504 0.04124161073825504
10 0.249375 0.5818749999999999 0.03120689655172415 0.023706896551724088
04 0.8875 0.681875 0.037494444444444386 0.0362444444444443
12 0.444375 0.786875 0.07873809523809527 0.08623809523809511
14 0.745625 0.21375 0.0312429775280898 0.06499297752808986
14 0.469375 0.5625 0.051245098039215675 0.0324950980392158
06 0.6975 0.803114224137931 0.11245689655172408 0.028728448275862073
08 0.36812500000000004 0.098125 0.011228448275862057 0.021228448275862066
04 0.80375 0.24 0.039886363636363775 0.04488636363636367
13 0.45437500000000003 0.146875 0.1387357954545455 0.026235795454545463
06 0.2375 0.365625 0.007469512195121958 0.131219512195122
