07 0.948125 0.5975 0.026233552631578894 0.037483552631578876
03 0.73875 0.7887500000000001 0.10999161073825492 0.06749161073825494
14 0.39937500000000004 0.8200000000000001 0.04370689655172416 0.05245689655172414
03 0.9225 0.666875 0.0674944444444443 0.018744444444444452
03 0.88375 0.6793750000000001 0.027488095238095145 0.02623809523809506
06 0.774375 0.445 0.0212429775280899 0.032492977528089884
02 0.150625 0.638125 0.043745098039215696 0.048745098039215784
02 0.365625 0.6793750000000001 0.05120689655172411 0.023706896551724088
10 0.91125 0.768125 0.032478448275862215 0.03122844827586213
10 0.484375 0.6581250000000001 0.02863636363636357 0.028636363636363682
13 0.795 0.658125 0.06998579545454531 0.04623579545454537
11 0.48625 0.298125 0.03746951219512196 0.021219512195122026
