18 0.3525 0.50125 0.014983552631578911 0.017483552631578858
11 0.77125 0.081875 0.01999161073825495 0.018741610738255032
06 0.87625 0.255 0.00995689655172416 0.029956896551724094
01 0.705 0.013749999999999998 0.012494444444444364 0.009994444444444443
18 0.20375 0.228125 0.014988095238095273 0.016238095238095274
03 0.7675000000000001 0.761875 0.019992977528089928 0.028742977528089853
06 0.441875 0.484375 0.04874509803921567 0.0787450980392157
14 0.18625 0.48875 0.03745689655172413 0.02995689655172412
09 0.7737499999999999 0.096875 0.02747844827586221 0.021228448275862066
10 0.35124999999999995 0.210625 0.01988636363636359 0.013636363636363669
