03 0.128125 0.135625 0.05873355263157895 0.013733552631578938
03 0.26937500000000003 0.575625 0.016241610738255086 0.02374161073825498
18 0.5025000000000001 0.0925 0.017456896551724166 0.019956896551724126
20 0.944375 0.608125 0.016244444444444395 0.013744444444444448
12 0.360625 0.32125 0.026238095238095227 0.03248809523809526
04 0.384375 0.045 0.031242977528089855 0.02499297752808989
03 0.97125 0.6331249999999999 0.027495098039215793 0.036245098039215606
10 0.74 0.4375 0.014956896551724164 0.00995689655172416
10 0.33375 0.07625 0.019978448275862037 0.01497844827586206
11 0.61875 0.1975 0.02488636363636365 0.022386363636363676
06 0.10625 0.8456214488636363 0.029985795454545466 0.02374289772727267
05 0.065 0.889375 0.014969512195121944 0.033719512195121926
