12 0.625625 0.595625 0.023733552631578947 0.026233552631578894
01 0.27749999999999997 0.1775 0.014991610738255001 0.009991610738255052
12 0.41625 0.438125 0.032456896551724124 0.03370689655172415
18 0.631875 0.549375 0.011244444444444501 0.013744444444444448
06 0.51 0.369375 0.017488095238095358 0.02373809523809528
03 0.92625 0.5974999999999999 0.019992977528089817 0.022492977528089875
20 0.26125 0.5393749999999999 0.01499509803921567 0.018745098039215757
18 0.11875000000000001 0.245 0.014956896551724136 0.01745689655172411
01 0.944375 0.6231249999999999 0.01372844827586217 0.016228448275862006
06 0.8275 0.219375 0.022386363636363704 0.021136363636363648
12 0.615 0.8131214488636364 0.03248579545454544 0.03624289772727263
11 0.409375 0.3625 0.02121951219512197 0.014969512195121992
14 0.82125 0.135 0.019982142857142837 0.017482142857142863
03 0.7075 0.544375 0.022487499999999994 0.02123749999999991
