14 0.47 0.55125 0.04498355263157888 0.04498355263157894
20 0.481875 0.924375 0.031241610738255043 0.02374161073825498
01 0.321875 0.06125 0.021206896551724086 0.01995689655172414
01 0.24437499999999998 0.8512500000000001 0.03374444444444441 0.03499444444444444
18 0.8049999999999999 0.361875 0.024988095238095087 0.02873809523809523
16 0.29875 0.61 0.04499297752808984 0.03249297752808977
13 0.079375 0.445 0.06374509803921569 0.05749509803921571
18 0.295625 0.566875 0.023706896551724144 0.026206896551724146
12 0.85625 0.12875 0.0749784482758622 0.05497844827586207
11 0.256875 0.761875 0.031136363636363656 0.03113636363636374
07 0.708125 0.08124644886363637 0.04373579545454542 0.022492897727272726
