16 0.135625 0.815625 0.06623355263157896 0.04623355263157891
13 0.8812500000000001 0.35 0.19249161073825494 0.06499161073825505
01 0.916875 0.52625 0.026206896551724146 0.01745689655172411
14 0.74 0.3675 0.07749444444444431 0.05499444444444446
10 0.1125 0.518125 0.03998809523809524 0.03873809523809524
10 0.3675 0.486875 0.02499297752808982 0.023742977528089848
03 0.37625 0.9575 0.027495098039215737 0.03749509803921569
15 0.606875 0.8825000000000001 0.04120689655172416 0.11995689655172403
05 0.55125 0.520625 0.057478448275862126 0.03122844827586202
18 0.43000000000000005 0.7725 0.034886363636363604 0.03738636363636372
12 0.62125 0.37 0.05748579545454535 0.05748579545454546
18 0.31437499999999996 0.6793750000000001 0.03371951219512198 0.03621951219512198
