12 0.37124999999999997 0.24312499999999998 0.05498355263157889 0.053733552631578946
11 0.649375 0.85375 0.031241610738255043 0.032491610738254906
10 0.46687500000000004 0.669375 0.03370689655172415 0.03120689655172415
10 0.3425 0.358125 0.034994444444444495 0.03624444444444447
17 0.6275 0.85125 0.05748809523809517 0.05998809523809512
18 0.29312499999999997 0.448125 0.021242977528089846 0.023742977528089848
04 0.16125 0.0575 0.032495098039215686 0.02249509803921569
12 0.860625 0.6125 0.0337068965517241 0.06245689655172415
03 0.383125 0.315 0.02372844827586207 0.032478448275862104
10 0.8356250000000001 0.32437499999999997 0.028636363636363682 0.023636363636363622
