03 0.12375 0.69625 0.027483552631578922 0.01748355263157897
07 0.13 0.8037479026845638 0.01749161073825506 0.02499580536912749
07 0.224375 0.361875 0.043706896551724134 0.046206896551724164
10 0.060625 0.344375 0.013744444444444441 0.011244444444444501
15 0.0975 0.7987500000000001 0.004988095238095236 0.014988095238095078
14 0.070625 0.696875 0.008742977528089876 0.026242977528089906
20 0.57125 0.77 0.009995098039215722 0.009995098039215722
01 0.950625 0.09937499999999999 0.016206896551724026 0.018706896551724125
14 0.488125 0.9862500000000001 0.018728448275862064 0.02747844827586221
19 0.776875 0.358125 0.018636363636363784 0.018636363636363618
04 0.29125 0.29500000000000004 0.019985795454545485 0.017485795454545483
