03 0.08437499999999999 0.268125 0.05623355263157894 0.036233552631579014
06 0.18125000000000002 0.301875 0.032491610738255045 0.021241610738255035
04 0.17125 0.755 0.04745689655172411 0.049956896551724084
14 0.77 0.1275 0.04999444444444434 0.02999444444444445
12 0.6375 0.635 0.04998809523809511 0.04998809523809522
12 0.03125 0.6675 0.04249297752808989 0.07749297752808992
13 0.95375 0.1375 0.03749509803921569 0.07999509803921569
09 0.401875 0.44 0.07620689655172413 0.07745689655172416
18 0.65375 0.51375 0.029978448275862157 0.03247844827586205
16 0.78375 0.52625 0.039886363636363664 0.06238636363636357
10 0.578125 0.88375 0.031235795454545467 0.024985795454545268
09 0.224375 0.7893749999999999 0.04121951219512199 0.04871951219512194
01 0.675625 0.768125 0.03373214285714288 0.033732142857142766
