00 0.185 0.22062500000000002 0.047483552631578996 0.033733552631578984
04 0.75 0.461875 0.03499161073825485 0.03624161073825505
01 0.6856249999999999 0.270625 0.0337068965517241 0.02120689655172414
04 0.8843749999999999 0.52 0.03874444444444436 0.0374944444444445
04 0.6575 0.478125 0.04248809523809527 0.0437380952380953
20 0.48750000000000004 0.9056249999999999 0.04249297752808984 0.03374297752808986
08 0.879375 0.356875 0.0737450980392157 0.03624509803921572
20 0.5762499999999999 0.853125 0.019956896551724168 0.016206896551724137
03 0.9456249999999999 0.68875 0.056228448275862264 0.01997844827586226
12 0.893125 0.71 0.09113636363636368 0.09488636363636371
08 0.20937499999999998 0.565 0.08373579545454543 0.03248579545454555
11 0.084375 0.41312499999999996 0.048719512195121946 0.038719512195121986
12 0.48187500000000005 0.23875 0.048732142857142835 0.07498214285714283
20 0.566875 0.46187500000000004 0.036237500000000034 0.038737500000000036
