20 0.26125 0.101875 0.022483552631578974 0.023733552631578933
03 0.8775 0.35750000000000004 0.0274916107382549 0.06499161073825505
10 0.1125 0.5081249999999999 0.027456896551724147 0.02620689655172409
03 0.078125 0.56875 0.036244444444444454 0.0374944444444445
18 0.6187499999999999 0.805625 0.017488095238095247 0.021238095238095167
03 0.7 0.965625 0.014992977528089813 0.018742977528089844
14 0.734375 0.271875 0.021245098039215593 0.03874509803921572
00 0.48125 0.36250000000000004 0.022456896551724115 0.019956896551724113
13 0.2525 0.84625 0.022478448275862095 0.10497844827586211
16 0.219375 0.15437499999999998 0.03363636363636366 0.031136363636363656
12 0.819375 0.923125 0.051235795454545374 0.06873579545454533
14 0.2943826219512195 0.834375 0.061234756097561016 0.028719512195122032
00 0.045625 0.22125 0.018732142857142857 0.017482142857142835
