05 0.7906249999999999 0.16062500000000002 0.031233552631578898 0.01873355263157897
20 0.76875 0.221875 0.022491610738254897 0.023741610738255065
18 0.10250000000000001 0.5387500000000001 0.019956896551724126 0.022456896551724115
09 0.7475 0.7206250000000001 0.02249444444444426 0.03624444444444441
12 0.84375 0.159375 0.037488095238095154 0.038738095238095266
01 0.921875 0.374375 0.03874297752808986 0.041242977528089864
15 0.7831250000000001 0.119375 0.03374509803921566 0.02624509803921568
14 0.25125 0.48125 0.03995689655172413 0.02745689655172412
18 0.965625 0.20375 0.021228448275862122 0.02497844827586207
03 0.794375 0.31875 0.03113636363636374 0.02488636363636365
