14 0.558125 0.1325 0.043733552631578965 0.02998355263157894
07 0.6981270973154363 0.863125 0.04374580536912742 0.013741610738254861
02 0.290625 0.3575 0.016206896551724137 0.032456896551724124
20 0.52625 0.9524999999999999 0.019994444444444426 0.017494444444444368
14 0.07 0.880625 0.027488095238095235 0.04373809523809513
13 0.43625 0.7625 0.11499297752808985 0.039992977528089835
20 0.7649999999999999 0.405625 0.022495098039215677 0.021245098039215704
07 0.37251077586206893 0.559375 0.02247844827586204 0.053706896551724115
06 0.848125 0.6975 0.008728448275862277 0.02997844827586227
06 0.23625000000000002 0.50125 0.08238636363636367 0.06488636363636363
00 0.9275 0.673125 0.027485795454545325 0.01873579545454529
08 0.95375 0.50875 0.029969512195122006 0.04246951219512202
