03 0.7475 0.596875 0.09748355263157882 0.033733552631578845
11 0.065625 0.10437500000000001 0.07374161073825504 0.06374161073825504
10 0.5700000000000001 0.54375 0.05495689655172409 0.04495689655172408
03 0.23312499999999997 0.780625 0.07624444444444442 0.08624444444444435
19 0.30874999999999997 0.8512500000000001 0.08748809523809525 0.03748809523809504
10 0.6475 0.18874999999999997 0.07999297752808987 0.06249297752808988
08 0.1225 0.559375 0.07249509803921571 0.038745098039215775
09 0.6625000000000001 0.450625 0.08495689655172411 0.036206896551724155
14 0.6112500000000001 0.734375 0.024978448275862042 0.0587284482758621
08 0.94875 0.6431250000000001 0.07238636363636375 0.08363636363636373
12 0.168125 0.34625 0.15373579545454547 0.1499857954545455
20 0.338125 0.95375 0.05371951219512194 0.05496951219512192
