08 0.036250000000000004 0.48625 0.05998355263157895 0.019983552631578916
12 0.651875 0.4325 0.06124161073825496 0.03749161073825502
11 0.170625 0.051250000000000004 0.03370689655172415 0.024956896551724145
06 0.521875 0.0325 0.0762444444444445 0.024994444444444444
13 0.255625 0.57125 0.0712380952380953 0.07998809523809525
20 0.505625 0.393125 0.01624297752808984 0.018742977528089844
12 0.065625 0.19937500000000002 0.033745098039215694 0.03624509803921569
15 0.29000000000000004 0.13125 0.019956896551724113 0.014956896551724122
03 0.90375 0.286875 0.024978448275862264 0.031228448275862075
17 0.5700000000000001 0.25687499999999996 0.0323863636363636 0.038636363636363635
12 0.13 0.489375 0.03998579545454546 0.041235795454545476
02 0.3606326219512195 0.573125 0.043734756097561 0.04621951219512188
09 0.08687500000000001 0.034375 0.038732142857142854 0.056232142857142856
