14 0.35375 0.72875 0.027483552631578867 0.047483552631578885
17 0.40625 0.74875 0.03249161073825502 0.032491610738254906
20 0.27937500000000004 0.416875 0.028706896551724148 0.028706896551724093
03 0.7262500000000001 0.676875 0.04999444444444434 0.04124444444444442
06 0.379375 0.745625 0.07123809523809527 0.0562380952380952
04 0.629375 0.473125 0.026242977528089906 0.021242977528089846
10 0.3825 0.954375 0.0474950980392157 0.04374509803921567
14 0.09375 0.285 0.029956896551724135 0.04245689655172413
05 0.329375 0.11625 0.018728448275862064 0.03497844827586208
03 0.15625 0.033125 0.03488636363636366 0.018636363636363635
01 0.738125 0.15812500000000002 0.016235795454545343 0.011235795454545477
15 0.8362499999999999 0.2875 0.019969512195121886 0.02996951219512195
