12 0.8218749999999999 0.72125 0.04123355263157891 0.04248355263157888
02 0.40625 0.6812499999999999 0.04749161073825503 0.0274916107382549
00 0.241875 0.88625 0.036206896551724155 0.032456896551724124
17 0.194375 0.125 0.04374444444444442 0.04249444444444446
18 0.27749999999999997 0.7362500000000001 0.029988095238095258 0.03248809523809515
03 0.5856250000000001 0.21875 0.053742977528089875 0.05499297752808985
13 0.36750000000000005 0.79625 0.02499509803921568 0.059995098039215655
18 0.1525 0.5231250000000001 0.022456896551724115 0.026206896551724035
02 0.6375 0.7987500000000001 0.059978448275862184 0.02747844827586221
03 0.233125 0.29125 0.05363636363636365 0.04488636363636367
02 0.59125 0.81625 0.06248579545454547 0.037485795454545334
06 0.940625 0.193125 0.04121951219512199 0.13121951219512193
01 0.8400000000000001 0.818125 0.029982142857142846 0.026232142857142815
14 0.58875 0.7206250000000001 0.04498749999999996 0.036237500000000034
