11 0.029375000000000002 0.82 0.023733552631578954 0.014983552631578911
04 0.46499999999999997 0.91875 0.019991610738255006 0.012491610738254888
07 0.5700000000000001 0.1775 0.012456896551724106 0.05745689655172412
12 0.974375 0.666875 0.031244444444444408 0.033744444444444355
04 0.62875 0.68125 0.02248809523809525 0.017488095238095136
10 0.8006249999999999 0.22625 0.0212429775280899 0.019992977528089845
05 0.029375000000000002 0.37687499999999996 0.011245098039215688 0.02874509803921571
02 0.463125 0.8674999999999999 0.01870689655172414 0.022456896551724115
14 0.76125 0.370625 0.00997844827586225 0.016228448275862062
15 0.6368750000000001 0.095 0.026136363636363735 0.03488636363636363
03 0.22562500000000002 0.0825 0.006235795454545473 0.05998579545454546
03 0.680625 0.254375 0.03371951219512204 0.021219512195121998
03 0.47 0.6675 0.02248214285714284 0.009982142857142828
