04 0.511875 0.5575 0.046233552631578856 0.04998355263157883
05 0.525 0.8612500000000001 0.03749161073825502 0.03999161073825486
01 0.27749999999999997 0.20687499999999998 0.044956896551724135 0.043706896551724134
01 0.93625 0.7418750000000001 0.02499444444444432 0.021244444444444288
18 0.584375 0.20375 0.031238095238095287 0.03498809523809529
04 0.6543749999999999 0.65625 0.04624297752808981 0.04249297752808978
03 0.34625 0.15625 0.059995098039215655 0.02499509803921568
08 0.53625 0.10875000000000001 0.022456896551724226 0.03495689655172414
03 0.15938038793103448 0.44 0.04373922413793102 0.05497844827586207
19 0.781875 0.28812499999999996 0.033636363636363686 0.056136363636363706
06 0.30625355113636366 0.813125 0.04999289772727272 0.11123579545454532
