02 0.433125 0.080625 0.048733552631578914 0.023733552631578947
01 0.7281249999999999 0.495625 0.01624161073825492 0.01624161073825503
01 0.39375000000000004 0.45999999999999996 0.019956896551724113 0.014956896551724108
11 0.859375 0.961875 0.031244444444444408 0.03624444444444441
14 0.186875 0.8825000000000001 0.04123809523809527 0.02248809523809514
01 0.68125 0.855 0.01749297752808987 0.014992977528089924
04 0.18875 0.86375 0.042495098039215695 0.034995098039215744
02 0.7525 0.299375 0.022456896551724115 0.0387068965517241
10 0.629375 0.245 0.03122844827586213 0.027478448275862072
07 0.205 0.21059659090909094 0.04488636363636367 0.021193181818181833
18 0.438125 0.7075 0.026235795454545463 0.027485795454545325
00 0.28500000000000003 0.6375 0.03996951219512196 0.04246951219512196
