03 0.366875 0.565625 0.04123355263157891 0.03873355263157896
15 0.6018749999999999 0.08000000000000002 0.06124161073825507 0.09249161073825504
07 0.77625 0.11687499999999999 0.03745689655172413 0.10620689655172413
20 0.6443749999999999 0.39125 0.03624444444444441 0.0399944444444445
14 0.559375 0.72625 0.026238095238095283 0.05998809523809512
04 0.236875 0.861875 0.03874297752808986 0.04874297752808976
15 0.823125 0.21375 0.04124509803921561 0.054995098039215706
11 0.841875 0.7024999999999999 0.05870689655172412 0.05245689655172414
06 0.18 0.9137500000000001 0.16497844827586206 0.11747844827586229
00 0.09937499999999999 0.8556250000000001 0.04613636363636363 0.028636363636363682
14 0.34875 0.40249999999999997 0.08498579545454543 0.03498579545454544
