14 0.5800000000000001 0.89375 0.027483552631578978 0.047483552631578885
09 0.6737500000000001 0.50125 0.03749161073825491 0.03249161073825507
15 0.9862500000000001 0.5262500000000001 0.014956896551724053 0.04245689655172413
06 0.195 0.5387500000000001 0.009994444444444417 0.022494444444444484
15 0.305625 0.6875 0.01123809523809527 0.03498809523809521
03 0.1175 0.973125 0.014992977528089882 0.016242977528089897
13 0.935 0.784375 0.06499509803921566 0.06374509803921569
20 0.944375 0.360625 0.02120689655172414 0.01620689655172408
14 0.5175000000000001 0.796875 0.022478448275862095 0.021228448275862233
00 0.69125 0.31875 0.029886363636363766 0.02488636363636365
18 0.33375 0.45499999999999996 0.01498579545454548 0.017485795454545483
00 0.645 0.735625 0.019969512195121997 0.018719512195122023
10 0.7987500000000001 0.8206249999999999 0.01748214285714289 0.013732142857142748
