00 0.94 0.0975 0.02498355263157881 0.024983552631578934
01 0.711875 0.38375 0.01624161073825492 0.014991610738255057
08 0.03626077586206897 0.20124999999999998 0.03997844827586207 0.054956896551724116
10 0.7168749999999999 0.661875 0.026244444444444404 0.026244444444444293
01 0.538125 0.8743749999999999 0.0462380952380953 0.04373809523809513
06 0.08625 0.609375 0.007492977528089875 0.05874297752808988
01 0.235625 0.18125 0.023745098039215706 0.019995098039215675
04 0.855 0.22875 0.039956896551724075 0.02995689655172412
07 0.59625 0.39625 0.08247844827586215 0.03247844827586205
03 0.6325000000000001 0.660625 0.02488636363636365 0.033636363636363686
10 0.809375 0.4275 0.02623579545454524 0.017485795454545483
03 0.3425 0.35 0.04496951219512196 0.057469512195121975
03 0.04 0.450625 0.022482142857142857 0.05623214285714284
