06 0.641875 0.35250000000000004 0.06623355263157893 0.05498355263157889
20 0.141875 0.031875 0.023741610738255037 0.021241610738255035
19 0.7831250000000001 0.168125 0.023706896551724088 0.026206896551724146
08 0.08937500000000001 0.8925000000000001 0.058744444444444446 0.02499444444444443
18 0.74125 0.6231249999999999 0.02248809523809514 0.023738095238095336
04 0.6056250000000001 0.7175 0.026242977528089795 0.02749297752808988
09 0.536875 0.370625 0.028745098039215655 0.021245098039215704
00 0.378125 0.578125 0.036206896551724155 0.03120689655172404
03 0.81 0.806875 0.05747844827586224 0.046228448275862144
14 0.740625 0.3025 0.028636363636363793 0.0173863636363637
12 0.8674999999999999 0.6725 0.062485795454545356 0.037485795454545334
18 0.809375 0.486875 0.02121951219512197 0.026219512195121975
08 0.09 0.7224999999999999 0.02998214285714286 0.049982142857142864
