17 0.34625 0.55125 0.04998355263157894 0.057483552631578894
14 0.834375 0.9375 0.056241610738254844 0.032491610738254906
20 0.045625 0.686875 0.03370689655172414 0.03370689655172421
10 0.0675 0.3325 0.03749444444444445 0.03249444444444449
12 0.48187500000000005 0.5675 0.07623809523809527 0.06248809523809529
05 0.70875 0.41812499999999997 0.0624929775280898 0.05374297752808982
03 0.489375 0.731875 0.038745098039215664 0.048745098039215784
13 0.7749999999999999 0.43625 0.09495689655172412 0.07745689655172411
12 0.8474999999999999 0.8325 0.06747844827586225 0.06997844827586219
12 0.308125 0.06375 0.05613636363636365 0.06738636363636363
