07 0.14124588815789474 0.596875 0.0824917763157895 0.02873355263157895
03 0.11875 0.5118750000000001 0.024991610738255052 0.018741610738255088
14 0.5125 0.864375 0.04245689655172413 0.04370689655172422
16 0.753125 0.433125 0.051244444444444315 0.03374444444444452
04 0.600625 0.9675 0.033738095238095234 0.027488095238095145
13 0.35 0.6543749999999999 0.05749297752808985 0.06624297752808983
10 0.625625 0.838125 0.02624509803921571 0.018745098039215646
03 0.58875 0.718125 0.039956896551724075 0.05120689655172406
16 0.75375 0.785625 0.032478448275862215 0.05122844827586226
01 0.04875 0.8274999999999999 0.014886363636363635 0.014886363636363753
10 0.32 0.921875 0.0349857954545455 0.03623579545454536
