10 0.415625 0.5 0.04373355263157891 0.047483552631578885
15 0.8131250000000001 0.378125 0.0587416107382549 0.06374161073825502
11 0.5225 0.5 0.04245689655172413 0.04245689655172408
11 0.924375 0.060625 0.04624444444444442 0.03374444444444444
14 0.884375 0.508125 0.028738095238095118 0.06373809523809532
20 0.37375 0.7731250000000001 0.03749297752808983 0.026242977528089795
05 0.865625 0.9075 0.028745098039215655 0.049995098039215646
07 0.74875 0.5137499999999999 0.07745689655172416 0.16745689655172413
06 0.83875 0.51 0.03497844827586216 0.029978448275862046
00 0.32375 0.43374999999999997 0.039886363636363664 0.034886363636363604
04 0.97 0.906875 0.037485795454545334 0.03623579545454536
00 0.7506250000000001 0.136875 0.04621951219512199 0.04121951219512193
03 0.5149999999999999 0.925 0.029982142857142846 0.0424821428571428
