10 0.885 0.025625000000000002 0.019983552631578916 0.018733552631578946
05 0.37124790268456376 0.48874999999999996 0.019995805369127484 0.03249161073825502
09 0.9425 0.7662500000000001 0.02745689655172412 0.032456896551724124
04 0.06125 0.518125 0.02499444444444445 0.023744444444444457
04 0.47375 0.43875 0.027488095238095256 0.024988095238095254
14 0.6375 0.8725 0.014992977528089813 0.05499297752808985
09 0.3675 0.08124999999999999 0.022495098039215677 0.02249509803921569
03 0.81125 0.819375 0.029956896551724177 0.06370689655172412
09 0.8118749999999999 0.045 0.03872844827586219 0.03997844827586206
13 0.67375 0.825 0.06238636363636374 0.057386363636363735
12 0.739375 0.6025 0.05123579545454526 0.05248579545454546
10 0.38687499999999997 0.79 0.018719512195121968 0.014969512195121992
12 0.14125 0.07500000000000001 0.02748214285714287 0.034982142857142864
