00 0.39 0.745625 0.03248355263157893 0.0362335526315789
15 0.065625 0.34625 0.031241610738255036 0.05499161073825509
09 0.343125 0.1225 0.036206896551724155 0.04745689655172414
07 0.391875 0.35125 0.04374444444444453 0.022494444444444484
02 0.765625 0.879375 0.041238095238095074 0.05123809523809508
20 0.79375 0.606875 0.029992977528089937 0.026242977528089795
05 0.4449987745098039 0.3675 0.029997549019607828 0.0474950980392157
07 0.9606250000000001 0.669375 0.04120689655172416 0.043706896551724106
16 0.385625 0.19437500000000002 0.05122844827586204 0.05372844827586207
04 0.775625 0.951875 0.033636363636363686 0.03113636363636374
02 0.4543785511363636 0.3725 0.05874289772727276 0.02498579545454549
03 0.8087500000000001 0.691875 0.03496951219512201 0.061219512195122006
04 0.500625 0.139375 0.041232142857142884 0.02623214285714287
20 0.0775 0.481875 0.032487499999999996 0.02123750000000002
