01 0.42625 0.120625 0.047483552631578885 0.031233552631578926
03 0.57375 0.9137500000000001 0.059991610738254986 0.09249161073825485
02 0.8206249999999999 0.370625 0.10870689655172405 0.08370689655172414
12 0.7206250000000001 0.085625 0.13374444444444433 0.09624444444444447
08 0.385625 0.296875 0.07623809523809527 0.06623809523809532
01 0.35625 0.9450000000000001 0.10249297752808983 0.07249297752808992
18 0.948125 0.561875 0.046245098039215726 0.05124509803921562
12 0.4725 0.481875 0.10495689655172413 0.11620689655172411
01 0.52125 0.37875000000000003 0.054978448275862124 0.034978448275862106
04 0.9606250000000001 0.344375 0.051136363636363646 0.06613636363636366
