11 0.06625 0.10062499999999999 0.04498355263157895 0.038733552631578946
07 0.535625 0.7925 0.0962416107382551 0.13499161073825494
16 0.28875 0.585 0.05995689655172409 0.03745689655172413
13 0.626875 0.41 0.07374444444444439 0.0374944444444445
04 0.6399999999999999 0.16 0.03998809523809521 0.03248809523809526
15 0.8512500000000001 0.641875 0.02499297752808982 0.03374297752808986
05 0.21 0.49624999999999997 0.029995098039215684 0.03499509803921569
16 0.711875 0.550625 0.06120689655172418 0.0387068965517241
12 0.37312500000000004 0.159375 0.04622844827586209 0.04872844827586206
14 0.541875 0.728125 0.0586363636363636 0.033636363636363686
01 0.12187500000000001 0.568125 0.033735795454545484 0.02123579545454546
13 0.528125 0.09562499999999999 0.10371951219512193 0.061219512195121936
