08 0.10124588815789473 0.5662499999999999 0.017491776315789465 0.029983552631578925
07 0.8593770973154362 0.16062500000000002 0.03374580536912741 0.021241610738255062
02 0.18938577586206898 0.175 0.011228448275862057 0.009956896551724131
15 0.195625 0.0775 0.01374444444444442 0.01749444444444445
12 0.924375 0.6812499999999999 0.01873809523809522 0.034988095238095096
14 0.22499999999999998 0.919375 0.03999297752808986 0.0212429775280899
20 0.91125 0.18 0.017495098039215673 0.019995098039215703
04 0.75625 0.849375 0.01745689655172411 0.01370689655172419
12 0.6925 0.07625 0.03747844827586211 0.022478448275862067
01 0.705625 0.04625 0.008636363636363664 0.009886363636363638
