14 0.3225 0.550625 0.027483552631578922 0.04873355263157886
03 0.384375 0.538125 0.013741610738255028 0.01624161073825503
17 0.419375 0.78 0.023706896551724088 0.029956896551724177
18 0.52625 0.3675 0.019994444444444426 0.022494444444444484
10 0.525 0.110625 0.02248809523809525 0.016238095238095232
04 0.23875 0.045625 0.03249297752808983 0.03124297752808989
13 0.051250000000000004 0.624375 0.032495098039215686 0.11124509803921567
04 0.41125 0.5487500000000001 0.024956896551724173 0.02495689655172406
01 0.475 0.44062500000000004 0.01247844827586203 0.011228448275862057
03 0.195625 0.78375 0.021136363636363675 0.032386363636363824
04 0.136875 0.351875 0.026235795454545463 0.031235795454545467
04 0.41812499999999997 0.034374999999999996 0.013719512195121963 0.01621951219512195
14 0.673125 0.8825000000000001 0.03373214285714288 0.03498214285714274
