04 0.8875 0.811875 0.029983552631578925 0.02873355263157884
11 0.5631250000000001 0.32125000000000004 0.031241610738255043 0.03249161073825507
06 0.529375 0.12186422413793102 0.036206896551724155 0.01872844827586205
18 0.683125 0.328125 0.01874444444444434 0.021244444444444455
13 0.72375 0.5387500000000001 0.024988095238095198 0.08998809523809526
03 0.5275000000000001 0.1775 0.014992977528089813 0.02499297752808985
18 0.41312499999999996 0.6968749999999999 0.02874509803921571 0.031245098039215713
06 0.7037500000000001 0.8512500000000001 0.022456896551724115 0.00995689655172416
03 0.61625 0.6625000000000001 0.0274784482758621 0.07747844827586203
03 0.238125 0.31 0.023636363636363678 0.02488636363636365
10 0.629375 0.845 0.0337357954545453 0.027485795454545325
16 0.67125 0.0825 0.04496951219512191 0.04246951219512194
05 0.435625 0.19125 0.026232142857142815 0.02248214285714284
