07 0.59375 0.940625 0.04998355263157883 0.016233552631578885
18 0.408125 0.186875 0.01624161073825503 0.01874161073825506
07 0.688125 0.9125 0.028706896551724093 0.03495689655172418
16 0.215625 0.028125000000000004 0.021244444444444427 0.03624444444444445
11 0.77625 0.16375 0.024988095238095198 0.01998809523809525
03 0.51875 0.209375 0.027492977528089768 0.021242977528089846
02 0.708125 0.69625 0.021245098039215593 0.052495098039215704
11 0.029375000000000002 0.318125 0.02620689655172414 0.02120689655172414
03 0.575625 0.6675 0.02372844827586207 0.03497844827586216
13 0.5993465909090909 0.90125 0.04119318181818177 0.03238636363636371
03 0.36812500000000004 0.31375 0.028735795454545465 0.04748579545454551
