20 0.555625 0.20187500000000003 0.02873355263157895 0.023733552631578975
01 0.76125 0.715625 0.024991610738254844 0.018741610738254866
05 0.816875 0.41125 0.02120689655172414 0.04245689655172413
18 0.36 0.43000000000000005 0.027494444444444488 0.02999444444444449
11 0.7831250000000001 0.340625 0.03373809523809512 0.03623809523809529
10 0.248125 0.65625 0.02624297752808985 0.02749297752808988
09 0.660625 0.16875 0.028745098039215655 0.042495098039215695
04 0.90125 0.87625 0.024956896551724173 0.024956896551724173
01 0.056875 0.918125 0.03122844827586206 0.03122844827586224
04 0.8400000000000001 0.545625 0.03738636363636372 0.026136363636363624
