08 0.895 0.06937499999999999 0.02498355263157892 0.09123355263157894
11 0.15125 0.10250000000000001 0.07249161073825505 0.05749161073825504
03 0.143125 0.3325 0.09620689655172411 0.034956896551724126
00 0.885 0.48 0.05999444444444435 0.05499444444444451
10 0.06687499999999999 0.795625 0.04373809523809523 0.03623809523809518
06 0.71375 0.78625 0.16999297752808995 0.01749297752808987
01 0.195 0.77875 0.0449950980392157 0.03499509803921563
18 0.92125 0.83125 0.03745689655172413 0.039956896551724186
05 0.7931250000000001 0.688125 0.06122844827586216 0.06122844827586227
15 0.128125 0.655 0.043636363636363626 0.05488636363636368
15 0.676875 0.1525 0.03873579545454531 0.10998579545454545
12 0.891875 0.565 0.06371951219512195 0.08246951219512189
