03 0.10625000000000001 0.14875000000000002 0.03248355263157894 0.05248355263157896
12 0.065625 0.5675 0.03624161073825504 0.03749161073825502
07 0.5081249999999999 0.589375 0.07620689655172408 0.11370689655172406
15 0.22375 0.195625 0.019994444444444426 0.028744444444444434
08 0.48375 0.289375 0.01998809523809525 0.051238095238095305
19 0.89125 0.11249999999999999 0.03249297752808977 0.03249297752808987
14 0.9312499999999999 0.950625 0.022495098039215677 0.038745098039215775
10 0.375 0.5706249999999999 0.032456896551724124 0.028706896551724204
20 0.101875 0.12875 0.016228448275862076 0.01747844827586205
17 0.17500000000000002 0.1375 0.03488636363636366 0.029886363636363628
