18 0.254375 0.933125 0.013733552631578966 0.016233552631578885
03 0.5393749999999999 0.235 0.018741610738255088 0.029991610738255042
04 0.25375000000000003 0.59125 0.019956896551724113 0.01745689655172422
04 0.26875 0.22375 0.019994444444444426 0.019994444444444426
03 0.643125 0.509375 0.033738095238095234 0.021238095238095278
07 0.47500175561797753 0.8925000000000001 0.04499648876404494 0.03499297752808983
01 0.72 0.5975 0.01999509803921573 0.017495098039215673
04 0.24625 0.30000000000000004 0.024956896551724117 0.014956896551724108
20 0.775 0.80625 0.00997844827586225 0.012478448275862197
10 0.615625 0.32687499999999997 0.018636363636363562 0.02113636363636362
11 0.6356249999999999 0.21375 0.016235795454545454 0.01498579545454548
10 0.14125 0.253125 0.022469512195121943 0.013719512195121991
10 0.734375 0.97 0.02373214285714287 0.014982142857142833
