00 0.675 0.6699999999999999 0.03248355263157887 0.03248355263157887
14 0.465625 0.636875 0.01624161073825503 0.028741610738254986
12 0.715 0.380625 0.04745689655172414 0.028706896551724093
00 0.73 0.129375 0.02499444444444432 0.023744444444444443
13 0.346875 0.03937499999999999 0.09373809523809529 0.07623809523809523
01 0.6475 0.629375 0.019992977528089817 0.018742977528089844
04 0.36312500000000003 0.016875 0.02124509803921565 0.026245098039215688
04 0.30125 0.709375 0.034956896551724126 0.018706896551724084
08 0.958125 0.27749999999999997 0.03372844827586219 0.027478448275862044
12 0.1675 0.094375 0.042386363636363666 0.03363636363636363
10 0.39937500000000004 0.839375 0.018735795454545456 0.021235795454545348
