12 0.38249999999999995 0.64625 0.0649835526315789 0.0674835526315789
07 0.338125 0.669375 0.08374161073825503 0.08624161073825498
03 0.471875 0.315625 0.06620689655172407 0.036206896551724155
03 0.7481249999999999 0.398125 0.0787444444444444 0.053744444444444484
01 0.700625 0.91875 0.048738095238095025 0.044988095238095105
00 0.739375 0.565625 0.061242977528089826 0.05874297752808977
04 0.06812499999999999 0.6968749999999999 0.056245098039215694 0.04124509803921572
02 0.036250000000000004 0.673125 0.02745689655172414 0.05870689655172412
06 0.120625 0.724375 0.04872844827586206 0.018728448275862286
09 0.148125 0.44062500000000004 0.04113636363636364 0.0661363636363636
04 0.92625 0.128125 0.04998579545454529 0.05373579545454546
