10 0.855 0.8049999999999999 0.04998355263157883 0.04248355263157888
02 0.894375 0.33187500000000003 0.05124161073825495 0.02874161073825504
03 0.338135775862069 0.6725 0.038728448275862026 0.03495689655172418
06 0.083125 0.911875 0.09374444444444446 0.09374444444444441
08 0.43374999999999997 0.7725 0.07748809523809524 0.017488095238095136
01 0.057499999999999996 0.66875 0.03749297752808988 0.027492977528089768
07 0.765625 0.8831249999999999 0.028745098039215655 0.10124509803921578
15 0.155625 0.28625 0.046206896551724136 0.15245689655172412
03 0.88625 0.321875 0.042478448275862224 0.031228448275862075
20 0.6875 0.7775 0.019886363636363757 0.012386363636363695
