20 0.4625 0.571875 0.03248355263157893 0.0362335526315789
12 0.38125 0.67875 0.03499161073825502 0.03999161073825486
05 0.67875 0.79125 0.02745689655172412 0.04495689655172419
03 0.854375 0.468125 0.031244444444444408 0.028744444444444517
10 0.19187500000000002 0.251875 0.028738095238095257 0.031238095238095287
12 0.23062500000000002 0.911875 0.07624297752808987 0.05874297752808988
12 0.464375 0.2425 0.0762450980392157 0.04999509803921573
14 0.48250000000000004 0.7050000000000001 0.019956896551724113 0.032456896551724124
05 0.87625 0.184375 0.032478448275862215 0.038728448275862054
12 0.743125 0.719375 0.043636363636363806 0.04863636363636381
