01 0.451875 0.5775 0.011233552631578936 0.012483552631578965
10 0.440625 0.7793749999999999 0.02624161073825504 0.02374161073825498
11 0.923125 0.275 0.02120689655172414 0.02745689655172412
01 0.7437499999999999 0.210625 0.017494444444444368 0.018744444444444425
03 0.9575 0.716875 0.017488095238095136 0.048738095238095136
03 0.230625 0.354375 0.021242977528089846 0.028742977528089853
03 0.555001225490196 0.9668749999999999 0.01999754901960782 0.028745098039215766
12 0.771875 0.5718749999999999 0.028706896551724093 0.03120689655172415
16 0.37 0.9143749999999999 0.03497844827586205 0.028728448275862184
14 0.771875 0.90125 0.018636363636363784 0.039886363636363775
