06 0.885 0.5275000000000001 0.014983552631578911 0.029983552631578925
05 0.41000000000000003 0.599375 0.027491610738255068 0.048741610738255
05 0.03311422413793104 0.8987499999999999 0.031228448275862068 0.04245689655172413
06 0.095 0.615625 0.08749444444444446 0.05374444444444437
18 0.11249999999999999 0.448125 0.019988095238095235 0.023738095238095225
18 0.29000000000000004 0.13375 0.024992977528089877 0.027492977528089893
01 0.9181250000000001 0.159375 0.031245098039215713 0.03374509803921569
03 0.294375 0.744375 0.02120689655172414 0.026206896551724146
04 0.318125 0.290625 0.03372844827586208 0.021228448275862066
03 0.951875 0.59625 0.06613636363636377 0.04488636363636356
20 0.779375 0.596875 0.0287357954545453 0.026235795454545463
