06 0.06250411184210528 0.268125 0.09999177631578948 0.008733552631578934
11 0.836875 0.11374999999999999 0.04124161073825494 0.027491610738255054
06 0.26375 0.16312500000000002 0.052456896551724114 0.05120689655172414
08 0.83125 0.27625 0.02499444444444443 0.047494444444444395
01 0.128125 0.779375 0.028738095238095215 0.028738095238095118
20 0.714375 0.936875 0.036242977528089915 0.026242977528089906
04 0.14375 0.106875 0.047495098039215686 0.04374509803921568
03 0.788125 0.29 0.02120689655172414 0.1049568965517241
07 0.6925 0.97 0.059978448275862295 0.03747844827586222
15 0.33999999999999997 0.141875 0.04238636363636361 0.07363636363636365
