02 0.42125 0.275 0.029983552631578925 0.03998355263157899
16 0.678125 0.771875 0.031241610738254932 0.04374161073825489
18 0.455625 0.6656249999999999 0.018706896551724084 0.02120689655172414
11 0.509375 0.0225 0.036244444444444524 0.024994444444444444
03 0.67875 0.8787499999999999 0.012488095238095132 0.024988095238095087
17 0.731875 0.47125 0.043742977528089866 0.039992977528089835
12 0.561875 0.059375 0.04874509803921567 0.04124509803921569
18 0.249375 0.5774999999999999 0.01870689655172411 0.022456896551724115
15 0.505 0.739375 0.019978448275862037 0.018728448275862286
02 0.951875 0.84125 0.036136363636363744 0.0173863636363637
03 0.19187500000000002 0.443125 0.01373579545454548 0.028735795454545465
03 0.8768750000000001 0.2925 0.02871951219512192 0.02996951219512195
