16 0.5843750000000001 0.583125 0.018733552631578942 0.03873355263157885
12 0.548125 0.08125 0.038741610738254995 0.05499161073825504
14 0.056249999999999994 0.635 0.024956896551724138 0.02745689655172412
11 0.19 0.5093749999999999 0.022494444444444428 0.023744444444444457
10 0.58875 0.6187499999999999 0.019988095238095305 0.0149880952380953
04 0.46562499999999996 0.21625 0.021242977528089846 0.014992977528089868
15 0.37875000000000003 0.9437500000000001 0.01499509803921567 0.012495098039215669
13 0.5218750000000001 0.2125 0.03120689655172415 0.032456896551724124
07 0.798125 0.2175 0.01372844827586217 0.029978448275862046
03 0.9525 0.941875 0.019886363636363757 0.05113636363636376
07 0.2 0.9568749999999999 0.024985795454545462 0.023735795454545294
09 0.20875 0.338125 0.02246951219512197 0.023719512195121972
04 0.22312500000000002 0.50625 0.026232142857142843 0.02248214285714284
12 0.513125 0.474375 0.036237500000000034 0.03123750000000003
