13 0.21999588815789475 0.4475 0.0649917763157895 0.05498355263157889
13 0.435 0.186875 0.024991610738255066 0.05124161073825503
10 0.936875 0.5800000000000001 0.01370689655172419 0.012456896551724106
06 0.50875 0.97125 0.06499444444444447 0.04499444444444445
15 0.280625 0.57375 0.006238095238095265 0.0149880952380953
03 0.7831250000000001 0.33375 0.03374297752808986 0.03499297752808983
06 0.32937377450980393 0.4325 0.053747549019607876 0.06249509803921571
11 0.226875 0.595 0.02120689655172414 0.01745689655172411
10 0.104375 0.97 0.016228448275862062 0.014978448275862255
14 0.50875 0.786875 0.012386363636363584 0.013636363636363669
