18 0.176875 0.021875000000000002 0.02873355263157898 0.03123355263157895
15 0.8981250000000001 0.744375 0.018741610738254866 0.03374161073825488
15 0.593125 0.639375 0.026206896551724146 0.06620689655172418
01 0.13624999999999998 0.45687500000000003 0.029994444444444462 0.021244444444444455
14 0.72 0.416875 0.05748809523809517 0.061238095238095314
03 0.765625 0.928125 0.061242977528089826 0.06874297752808989
06 0.563125 0.5306249999999999 0.03624509803921572 0.011245098039215695
14 0.1175 0.433125 0.034956896551724126 0.10870689655172411
12 0.43875 0.70125 0.05747844827586207 0.05247844827586223
18 0.2525 0.7224999999999999 0.032386363636363685 0.03488636363636377
