11 0.4225 0.809375 0.03248355263157893 0.02873355263157895
13 0.338125 0.294375 0.06374161073825502 0.018741610738255088
16 0.719375 0.764375 0.036206896551724155 0.0337068965517241
10 0.39437500000000003 0.7818750000000001 0.028744444444444517 0.01874444444444434
00 0.47062499999999996 0.72 0.028738095238095285 0.027488095238095145
20 0.40125 0.621875 0.02499297752808982 0.026242977528089795
17 0.04125 0.42125 0.032495098039215686 0.02499509803921568
15 0.3675 0.81375 0.014956896551724164 0.03495689655172418
06 0.16125 0.7275 0.07247844827586206 0.06247844827586224
08 0.5500284090909091 0.82125 0.014943181818181772 0.009886363636363749
12 0.295625 0.17375 0.031235795454545467 0.059985795454545465
03 0.5375 0.575625 0.03246951219512195 0.013719512195122019
00 0.301875 0.66875 0.02123214285714281 0.014982142857142833
