10 0.888125 0.40937500000000004 0.018733552631578942 0.018733552631578887
06 0.7825 0.085625 0.04749161073825492 0.05624161073825504
07 0.94125 0.7675000000000001 0.06745689655172415 0.039956896551724186
07 0.789375 0.11625 0.033744444444444355 0.03749444444444447
01 0.54125 0.9475 0.017488095238095358 0.01498809523809519
18 0.350625 0.08937500000000001 0.01374297752808984 0.016242977528089883
02 0.348125 0.7462500000000001 0.006245098039215691 0.03999509803921575
09 0.86375 0.119375 0.04745689655172414 0.023706896551724116
14 0.850625 0.815 0.018728448275862175 0.03497844827586227
18 0.3325 0.77 0.012386363636363584 0.014886363636363753
