14 0.13375 0.374375 0.03248355263157894 0.04373355263157891
14 0.39437500000000003 0.19374999999999998 0.033741610738255046 0.03749161073825505
04 0.603125 0.038125000000000006 0.018706896551724084 0.013706896551724142
04 0.640625 0.20124999999999998 0.033744444444444466 0.027494444444444405
08 0.7275 0.045 0.034988095238095096 0.019988095238095235
08 0.6543767556179776 0.143125 0.021246488764045002 0.028742977528089908
14 0.09125 0.5293749999999999 0.03499509803921569 0.056245098039215624
10 0.744375 0.44062500000000004 0.03120689655172404 0.028706896551724148
03 0.348125 0.7093750000000001 0.02372844827586207 0.0487284482758622
04 0.16375 0.96375 0.027386363636363653 0.022386363636363704
04 0.43437499999999996 0.18937500000000002 0.038735795454545474 0.036235795454545444
09 0.4668673780487805 0.55375 0.046234756097561 0.03246951219512195
20 0.355 0.825625 0.01248214285714283 0.011232142857142802
02 0.1375 0.974375 0.014987500000000015 0.043737499999999985
