18 0.6287499999999999 0.7525 0.022483552631578863 0.02498355263157881
12 0.09187500000000001 0.809375 0.05374161073825505 0.08374161073825492
20 0.44437499999999996 0.724375 0.031206896551724095 0.026206896551724146
01 0.47062499999999996 0.6437499999999999 0.018744444444444508 0.019994444444444426
03 0.575 0.86875 0.019988095238095194 0.027488095238095145
18 0.22625 0.325625 0.022492977528089847 0.023742977528089848
15 0.8787499999999999 0.54125 0.03999509803921575 0.042495098039215695
03 0.30625 0.45 0.032456896551724124 0.06745689655172415
18 0.691875 0.45499999999999996 0.018728448275862175 0.02247844827586204
13 0.77625 0.770625 0.05488636363636368 0.033636363636363686
