08 0.6912499999999999 0.316875 0.019983552631578916 0.04373355263157891
06 0.5125 0.6699999999999999 0.057491610738254983 0.06249161073825504
13 0.865 0.1775 0.04245689655172413 0.03995689655172413
01 0.630625 0.44937499999999997 0.018744444444444452 0.013744444444444504
04 0.33875 0.29500000000000004 0.029988095238095314 0.024988095238095254
11 0.969375 0.369375 0.028742977528089853 0.021242977528089846
08 0.815 0.056875 0.017495098039215784 0.046245098039215685
06 0.895635775862069 0.178125 0.04872844827586209 0.07870689655172414
02 0.93375 0.40437500000000004 0.042478448275862224 0.058728448275862044
11 0.20875 0.70375 0.02738636363636368 0.022386363636363704
11 0.37 0.024999999999999998 0.0349857954545455 0.03748579545454545
18 0.568125 0.596875 0.02121951219512197 0.023719512195122028
03 0.639375 0.201875 0.02373214285714287 0.01873214285714281
15 0.8443750000000001 0.583125 0.0587375 0.02123750000000002
