06 0.609375 0.66125 0.09623355263157896 0.052483552631579
10 0.915625 0.89625 0.031241610738254932 0.01999161073825495
07 0.6268750000000001 0.16625 0.04620689655172405 0.06245689655172412
15 0.24375000000000002 0.8300000000000001 0.04749444444444442 0.04249444444444428
12 0.916875 0.595 0.07373809523809505 0.0824880952380953
15 0.74625 0.185 0.01749297752808987 0.02499297752808985
20 0.36812500000000004 0.178125 0.031245098039215657 0.021245098039215704
00 0.1775 0.44937499999999997 0.03745689655172413 0.02620689655172409
07 0.71625 0.1475 0.03497844827586227 0.04247844827586206
06 0.84625 0.52625 0.08488636363636382 0.11988636363636362
06 0.6649999999999999 0.48062499999999997 0.1074857954545454 0.02373579545454546
03 0.6 0.14625 0.039969512195122014 0.024969512195121946
15 0.8843794642857143 0.75 0.021241071428571456 0.01748214285714278
11 0.27937500000000004 0.075625 0.04373750000000004 0.0387375
