14 0.34062499999999996 0.47375 0.07623355263157894 0.05498355263157895
12 0.484375 0.110625 0.06874161073825502 0.06624161073825502
01 0.08312499999999999 0.776875 0.04870689655172413 0.046206896551724164
03 0.231875 0.643125 0.061244444444444435 0.061244444444444435
03 0.03 0.17375000000000002 0.052488095238095236 0.07998809523809525
04 0.690625 0.28875 0.036242977528089804 0.032492977528089884
18 0.64 0.543125 0.034995098039215744 0.038745098039215664
13 0.65 0.104375 0.15245689655172412 0.06870689655172413
01 0.8525 0.576875 0.039978448275862166 0.03122844827586202
13 0.72875 0.0875 0.04488636363636367 0.16738636363636364
09 0.918125 0.21125 0.03623579545454536 0.04248579545454548
18 0.978125 0.49124999999999996 0.028719512195122032 0.03246951219512195
