08 0.926875 0.936875 0.07373355263157899 0.01873355263157883
07 0.076875 0.2925 0.013741610738255042 0.05999161073825504
13 0.376875 0.50125 0.08870689655172415 0.14995689655172412
15 0.7887500000000001 0.614375 0.0624944444444443 0.016244444444444506
01 0.903125 0.47 0.028738095238095118 0.01998809523809525
03 0.70875 0.749375 0.029992977528089826 0.0312429775280898
03 0.635 0.915 0.03749509803921569 0.027495098039215682
04 0.611875 0.609375 0.0337068965517241 0.026206896551724146
04 0.93 0.7250000000000001 0.032478448275862215 0.03747844827586222
07 0.8650284090909091 0.145625 0.08494318181818183 0.05613636363636365
14 0.77875 0.6175 0.10248579545454539 0.047485795454545565
15 0.07875 0.359375 0.02996951219512195 0.02121951219512197
