13 0.626875 0.31437499999999996 0.05623355263157892 0.13123355263157893
08 0.029375 0.826875 0.038741610738255036 0.03374161073825488
11 0.185 0.34875 0.02745689655172412 0.019956896551724168
13 0.635 0.6256249999999999 0.05999444444444435 0.06874444444444439
03 0.12562500000000001 0.7268749999999999 0.02373809523809524 0.013738095238095105
07 0.08125 0.411875 0.06749297752808989 0.06374297752808988
04 0.85 0.395 0.027495098039215682 0.02499509803921568
15 0.58875 0.23625 0.029956896551724066 0.03995689655172413
15 0.86 0.59125 0.01997844827586226 0.022478448275862095
03 0.59625 0.934375 0.022386363636363593 0.018636363636363673
