11 0.761875 0.844375 0.023733552631578947 0.01873355263157883
18 0.750625 0.308125 0.013741610738254861 0.01624161073825503
15 0.219375 0.178125 0.013706896551724107 0.02120689655172414
20 0.500625 0.24125 0.016244444444444506 0.01249444444444442
08 0.22625 0.580625 0.03998809523809527 0.016238095238095274
19 0.38375 0.135625 0.012492977528089866 0.02374297752808989
20 0.93625 0.37312500000000004 0.012495098039215669 0.013745098039215697
04 0.59125 0.044375 0.019956896551724168 0.023706896551724137
11 0.5918749999999999 0.986875 0.021228448275862122 0.021228448275862122
03 0.74875 0.5025 0.019886363636363757 0.029886363636363655
02 0.38125 0.135625 0.012485795454545479 0.018735795454545456
04 0.690625 0.235 0.02121951219512197 0.01996951219512197
01 0.06375 0.513125 0.02498214285714285 0.023732142857142757
