06 0.8168708881578948 0.193125 0.028741776315789447 0.043733552631578965
15 0.204375 0.09812500000000002 0.02624161073825504 0.04124161073825504
09 0.304375 0.179375 0.036206896551724155 0.05120689655172414
14 0.590625 0.8375 0.03874444444444458 0.03499444444444433
13 0.756875 0.694375 0.1487380952380951 0.08373809523809517
11 0.296875 0.753125 0.036242977528089804 0.03124297752808991
04 0.6025 0.3225 0.027495098039215682 0.03749509803921569
20 0.045 0.736875 0.03495689655172414 0.023706896551724088
04 0.8518749999999999 0.6243749999999999 0.0337284482758623 0.02372844827586207
12 0.240625 0.869375 0.08863636363636368 0.05863636363636382
