14 0.4225 0.343125 0.03248355263157893 0.018733552631578887
18 0.33999999999999997 0.13125 0.014991610738255001 0.01749161073825506
03 0.93875 0.57375 0.04745689655172414 0.019956896551724057
14 0.859375 0.458125 0.031244444444444408 0.03124444444444452
01 0.94 0.351875 0.017488095238095025 0.016238095238095274
08 0.848125 0.289375 0.036242977528089915 0.028742977528089853
14 0.44875 0.608125 0.02499509803921568 0.02374509803921565
07 0.80125 0.290625 0.00995689655172416 0.028706896551724148
20 0.680625 0.14 0.018728448275862175 0.01497844827586206
06 0.07502840909090909 0.900625 0.049943181818181824 0.07113636363636378
20 0.87125 0.911875 0.027485795454545325 0.021235795454545237
