12 0.239375 0.588125 0.043733552631578965 0.043733552631578965
03 0.475625 0.815625 0.021241610738255035 0.046241610738254946
08 0.7575000000000001 0.09623922413793104 0.02495689655172406 0.03747844827586207
03 0.335 0.295 0.03499444444444444 0.039994444444444444
00 0.26437499999999997 0.5449999999999999 0.036238095238095264 0.02498809523809531
18 0.18875 0.70875 0.022492977528089875 0.024992977528089932
15 0.6806237745098039 0.846875 0.046247549019607925 0.021245098039215704
14 0.778125 0.35562499999999997 0.023706896551724088 0.02620689655172409
12 0.25187499999999996 0.8262499999999999 0.06372844827586205 0.03497844827586227
03 0.97875 0.366875 0.02738636363636382 0.023636363636363567
