18 0.78875 0.20875 0.014983552631578911 0.01748355263157897
10 0.395 0.165625 0.027491610738255068 0.02874161073825504
06 0.6225 0.8049999999999999 0.06245689655172415 0.039956896551724186
15 0.7268749999999999 0.85 0.031244444444444297 0.04499444444444434
07 0.544375 0.9675 0.02873809523809523 0.02998809523809509
07 0.621875 0.6331249999999999 0.05874297752808977 0.036242977528089804
09 0.6837500000000001 0.9393750000000001 0.03499509803921563 0.046245098039215615
11 0.655 0.10750000000000001 0.02745689655172412 0.02245689655172413
20 0.37625 0.10625 0.019978448275862093 0.019978448275862065
10 0.148125 0.191875 0.02113636363636362 0.018636363636363673
10 0.57125 0.4075 0.0349857954545455 0.024985795454545434
