06 0.711875 0.54375 0.05373355263157886 0.03248355263157887
12 0.5825 0.566875 0.04499161073825508 0.04374161073825511
14 0.729375 0.24125000000000002 0.028706896551724093 0.04245689655172416
02 0.73125 0.7112499999999999 0.054994444444444346 0.02499444444444443
05 0.153125 0.8925 0.023738095238095253 0.0399880952380951
18 0.56625 0.1325 0.019992977528089817 0.02249297752808989
06 0.91875 0.515 0.08749509803921562 0.014995098039215726
13 0.391875 0.631875 0.06370689655172418 0.0812068965517242
14 0.30625 0.179375 0.019978448275862093 0.051228448275862065
10 0.35750000000000004 0.520625 0.0298863636363636 0.023636363636363678
00 0.913125 0.980625 0.0287357954545453 0.0287357954545453
10 0.9075 0.683125 0.024969512195122 0.02121951219512197
03 0.170625 0.078125 0.02123214285714281 0.04373214285714285
