04 0.380625 0.489375 0.026233552631578894 0.023733552631578947
03 0.51125 0.65625 0.03499161073825502 0.02999161073825496
06 0.3425 0.668125 0.027456896551724175 0.09120689655172409
00 0.435 0.73 0.029994444444444546 0.022494444444444373
18 0.444375 0.306875 0.021238095238095278 0.02373809523809528
15 0.82375 0.20375 0.02499297752808982 0.017492977528089843
06 0.91625 0.15999999999999998 0.03749509803921569 0.06999509803921569
12 0.37687499999999996 0.33375 0.03370689655172415 0.03745689655172413
04 0.81125 0.236875 0.024978448275862153 0.028728448275862073
01 0.061875 0.266875 0.016136363636363636 0.011136363636363666
06 0.31125 0.785 0.012485795454545479 0.027485795454545325
20 0.3375 0.795625 0.01996951219512194 0.018719512195122023
