01 0.1575 0.22999999999999998 0.014983552631578967 0.012483552631578992
14 0.05 0.27125 0.014991610738255029 0.01999161073825506
03 0.21125 0.911875 0.01995689655172414 0.05120689655172406
14 0.76125 0.8768750000000001 0.017494444444444368 0.061244444444444324
04 0.455 0.589375 0.03248809523809526 0.023738095238095225
15 0.575 0.768125 0.03499297752808983 0.03374297752808986
04 0.9275 0.27875 0.027495098039215682 0.024995098039215735
06 0.6656249999999999 0.604375 0.06370689655172412 0.01370689655172419
02 0.906875 0.909375 0.01372844827586217 0.03372844827586219
11 0.786875 0.546875 0.033636363636363686 0.02863636363636357
03 0.52 0.1725 0.027485795454545436 0.014985795454545453
