07 0.47 0.43625 0.022483552631578918 0.09748355263157887
00 0.045625 0.1225 0.041241610738255025 0.03249161073825506
14 0.08437499999999999 0.831875 0.05120689655172413 0.04870689655172411
06 0.506875 0.72875 0.08874444444444446 0.029994444444444435
11 0.24 0.1575 0.037488095238095265 0.027488095238095256
03 0.7168749999999999 0.93625 0.05124297752808993 0.02499297752808982
10 0.38875000000000004 0.679375 0.054995098039215706 0.0162450980392157
03 0.119375 0.916875 0.02870689655172412 0.026206896551724146
06 0.8887499999999999 0.68625 0.0174784482758622 0.10497844827586222
13 0.891875 0.7362500000000001 0.09863636363636374 0.1423863636363637
04 0.228125 0.210625 0.03623579545454547 0.031235795454545467
06 0.0675 0.540625 0.047469512195121945 0.023719512195121917
00 0.420625 0.21687499999999998 0.04623214285714283 0.041232142857142856
03 0.549378125 0.748125 0.03374375000000007 0.04123750000000004
