11 0.06874999999999999 0.246875 0.02498355263157894 0.021233552631579
03 0.030625 0.923125 0.01624161073825503 0.01624161073825492
08 0.628125 0.176875 0.01370689655172408 0.023706896551724144
00 0.3525 0.878125 0.022494444444444484 0.023744444444444346
20 0.8768750000000001 0.76125 0.023738095238095114 0.02248809523809514
07 0.423125 0.06625 0.04624297752808987 0.012492977528089894
03 0.33875 0.036875000000000005 0.03499509803921569 0.013745098039215687
03 0.739375 0.881875 0.01370689655172419 0.02120689655172414
07 0.296875 0.86375 0.011228448275862113 0.03997844827586228
13 0.59375 0.833125 0.0423863636363635 0.043636363636363695
14 0.5475 0.72375 0.044985795454545396 0.017485795454545316
03 0.516875 0.22125 0.02121951219512197 0.029969512195121978
10 0.970625 0.35875 0.016232142857142806 0.01248214285714283
13 0.8425 0.923125 0.04248750000000001 0.04873749999999999
