04 0.7637499999999999 0.59375 0.019983552631578916 0.019983552631578805
04 0.056249999999999994 0.23375 0.019991610738255026 0.019991610738255033
02 0.283125 0.8025 0.026206896551724146 0.06245689655172404
10 0.556875 0.714375 0.018744444444444452 0.01874444444444434
10 0.33187500000000003 0.354375 0.018738095238095276 0.018738095238095276
03 0.773125 0.41875 0.018742977528089844 0.03499297752808983
10 0.215625 0.35 0.01374509803921567 0.01499509803921567
04 0.135 0.27625 0.017456896551724138 0.022456896551724115
17 0.229375 0.234375 0.031228448275862075 0.03872844827586208
02 0.83125 0.815625 0.03488636363636377 0.02363636363636379
09 0.756875 0.515625 0.016235795454545343 0.023735795454545405
11 0.7925 0.423125 0.019969512195121997 0.01621951219512202
