12 0.953125 0.32375 0.021233552631579 0.022483552631578974
07 0.365625 0.735625 0.06874161073825508 0.03624161073825494
06 0.80625 0.299375 0.02745689655172412 0.023706896551724088
01 0.18625 0.110625 0.017494444444444424 0.01624444444444445
20 0.7181249999999999 0.925 0.03373809523809512 0.024988095238095087
03 0.560625 0.9450000000000001 0.018742977528089844 0.022492977528089875
07 0.9737512254901961 0.769375 0.01999754901960782 0.028745098039215655
11 0.691875 0.03375 0.026206896551724146 0.022456896551724143
08 0.8393803879310344 0.370625 0.011239224137931103 0.008728448275862055
13 0.13125 0.895 0.05988636363636367 0.057386363636363735
03 0.2875 0.6399999999999999 0.017485795454545483 0.03248579545454533
03 0.5725 0.93125 0.01746951219512205 0.039969512195122014
12 0.905 0.77875 0.03248214285714279 0.03748214285714291
