13 0.405625 0.2225 0.13123355263157888 0.117483552631579
04 0.365625 0.8318749999999999 0.03624161073825505 0.026241610738254928
08 0.10250000000000001 0.33062499999999995 0.01245689655172412 0.06620689655172413
02 0.35375 0.250625 0.08249444444444443 0.03624444444444441
15 0.19375 0.46875 0.027488095238095256 0.037488095238095265
07 0.6474982443820225 0.0675 0.05499648876404495 0.04499297752808988
19 0.18062499999999998 0.39125 0.031245098039215685 0.03999509803921569
06 0.575 0.868114224137931 0.07745689655172405 0.06872844827586211
02 0.45999999999999996 0.909375 0.07247844827586208 0.03122844827586213
20 0.674375 0.5875 0.028636363636363682 0.027386363636363598
