04 0.5449999999999999 0.684375 0.04498355263157883 0.02873355263157895
14 0.579375 0.6168750000000001 0.08374161073825503 0.021241610738255035
06 0.5118750000000001 0.3775 0.023706896551724088 0.07745689655172416
03 0.585 0.32000000000000006 0.012494444444444475 0.052494444444444455
11 0.5249999999999999 0.955625 0.047488095238095274 0.048738095238095025
18 0.23875000000000002 0.515625 0.029992977528089854 0.0337429775280898
15 0.926875 0.44375 0.05374509803921579 0.029995098039215684
20 0.6775 0.81125 0.04495689655172419 0.032456896551724124
14 0.6174999999999999 0.1475 0.04497844827586206 0.04997844827586205
08 0.018125000000000002 0.356875 0.018636363636363635 0.0586363636363636
