00 0.6275 0.26749999999999996 0.03248355263157887 0.02998355263157898
18 0.5687500000000001 0.944375 0.01999161073825506 0.02374161073825487
03 0.138125 0.839375 0.05620689655172412 0.03120689655172415
07 0.11875138888888889 0.1775 0.03999722222222224 0.019994444444444426
10 0.610625 0.414375 0.026238095238095283 0.02873809523809523
16 0.25 0.6568750000000001 0.03749297752808986 0.053742977528089875
06 0.796875 0.7518750000000001 0.031245098039215602 0.018745098039215757
01 0.796875 0.46625 0.03370689655172421 0.032456896551724124
00 0.083125 0.110625 0.04122844827586207 0.03872844827586207
18 0.505625 0.316875 0.021136363636363564 0.023636363636363622
11 0.9762500000000001 0.40249999999999997 0.024985795454545268 0.01998579545454543
02 0.504375 0.448125 0.03621951219512193 0.04121951219512199
02 0.20375 0.8143750000000001 0.08748214285714281 0.04873214285714289
01 0.28437500000000004 0.450625 0.03373750000000003 0.023737499999999967
