02 0.6243749999999999 0.46499999999999997 0.031233552631578898 0.017483552631578914
15 0.365625 0.14625 0.02874161073825504 0.03749161073825505
11 0.230625 0.15437499999999998 0.02120689655172414 0.02870689655172412
13 0.5475 0.641875 0.04499444444444456 0.033744444444444355
15 0.4318779761904762 0.370625 0.02624404761904764 0.018738095238095276
06 0.58125 0.7206250000000001 0.029992977528089937 0.05124297752808993
03 0.915 0.663125 0.02999509803921574 0.02374509803921565
20 0.13374999999999998 0.525 0.012456896551724134 0.014956896551724164
10 0.29500000000000004 0.125 0.019978448275862093 0.01997844827586205
18 0.931875 0.245625 0.013636363636363669 0.01613636363636367
12 0.638125 0.57375 0.031235795454545356 0.03248579545454544
