07 0.4399958881578947 0.954375 0.022491776315789413 0.031233552631578898
04 0.16375 0.420625 0.014991610738255057 0.013741610738255028
01 0.12625 0.47250000000000003 0.019956896551724126 0.017456896551724166
13 0.15187499999999998 0.6975 0.028744444444444434 0.039994444444444444
03 0.9625 0.9225 0.01498809523809519 0.009988095238095074
18 0.776875 0.383125 0.011242977528089781 0.01374297752808984
15 0.039375 0.8981250000000001 0.016245098039215686 0.031245098039215713
10 0.4575 0.8674999999999999 0.014956896551724108 0.014956896551724053
02 0.609375 0.048749999999999995 0.03122844827586202 0.034978448275862065
19 0.200625 0.7575000000000001 0.013636363636363669 0.024886363636363762
06 0.380625 0.436875 0.018735795454545456 0.026235795454545463
00 0.43125 0.94625 0.01996951219512194 0.01746951219512194
07 0.4793794642857143 0.6075 0.0212410714285714 0.04498214285714286
04 0.01375 0.77625 0.0174875 0.014987499999999931
