10 0.788125 0.255625 0.02123355263157889 0.021233552631578972
01 0.416875 0.614375 0.021241610738255035 0.01624161073825503
04 0.85625 0.22625 0.019956896551724168 0.034956896551724126
12 0.276875 0.109375 0.02624444444444446 0.02874444444444446
14 0.660625 0.205625 0.013738095238095105 0.028738095238095285
20 0.731875 0.081875 0.016242977528089786 0.013742977528089895
18 0.819375 0.379375 0.013745098039215642 0.0162450980392157
03 0.5275000000000001 0.05875 0.03495689655172407 0.03495689655172415
14 0.6937500000000001 0.955 0.05747844827586224 0.022478448275862206
04 0.9850000000000001 0.195 0.024886363636363762 0.017386363636363672
