13 0.58875 0.313125 0.02498355263157892 0.05873355263157898
18 0.5662499999999999 0.954375 0.022491610738255008 0.02374161073825487
14 0.47062499999999996 0.6287499999999999 0.05120689655172411 0.05245689655172414
15 0.583125 0.355 0.013744444444444559 0.024994444444444486
01 0.135 0.84125 0.034988095238095235 0.03748809523809504
03 0.1475 0.916875 0.03749297752808989 0.016242977528089897
03 0.7125 0.715625 0.034995098039215744 0.0787450980392157
03 0.71375 0.09625 0.039956896551724075 0.05745689655172413
03 0.7450000000000001 0.320625 0.0174784482758622 0.0587284482758621
04 0.5037499999999999 0.5081249999999999 0.0323863636363636 0.033636363636363575
13 0.164375 0.366875 0.048735795454545455 0.22873579545454548
20 0.459375 0.50625 0.03371951219512198 0.02996951219512195
12 0.768125 0.94 0.06873214285714291 0.057482142857142926
05 0.819375 0.950625 0.023737500000000078 0.04873749999999999
