11 0.20187500000000003 0.65875 0.023733552631578975 0.019983552631578916
10 0.4075 0.37 0.014991610738255001 0.014991610738255057
09 0.313125 0.541875 0.01870689655172414 0.0237068965517242
05 0.39937500000000004 0.766875 0.02624444444444446 0.026244444444444404
18 0.84375 0.441875 0.01498809523809519 0.016238095238095274
10 0.649375 0.685 0.01374297752808984 0.009992977528089919
20 0.55625 0.515 0.014995098039215726 0.014995098039215726
12 0.345 0.109375 0.019956896551724113 0.023706896551724116
20 0.89 0.30000000000000004 0.00997844827586225 0.009978448275862084
01 0.27249999999999996 0.875 0.007386363636363635 0.007386363636363802
16 0.25687499999999996 0.924375 0.028735795454545465 0.02623579545454524
15 0.263125 0.9493750000000001 0.008719512195122014 0.016219512195121966
