04 0.296875 0.48750000000000004 0.03123355263157901 0.027483552631578922
04 0.825625 0.94125 0.026241610738254928 0.01999161073825495
13 0.549375 0.15125 0.0812068965517242 0.02745689655172412
19 0.569375 0.311875 0.04124444444444453 0.033744444444444466
18 0.064375 0.38187499999999996 0.02123809523809523 0.02373809523809528
15 0.88375 0.228125 0.03499297752808983 0.018742977528089844
06 0.060000000000000005 0.838125 0.0799950980392157 0.07124509803921564
00 0.5025 0.62625 0.032456896551724124 0.022456896551724115
16 0.81875 0.05875 0.042478448275862224 0.04747844827586206
20 0.41375 0.205625 0.037386363636363606 0.03613636363636369
04 0.156875 0.26125 0.02373579545454549 0.024985795454545462
14 0.205625 0.538125 0.03371951219512198 0.026219512195121975
