02 0.52125 0.7718750000000001 0.029983552631578814 0.031233552631578898
15 0.5000020973154362 0.7575 0.004995805369127471 0.022491610738254897
08 0.78625 0.701875 0.01745689655172411 0.018706896551724084
07 0.489375 0.46125 0.036244444444444524 0.014994444444444532
08 0.963125 0.28500000000000003 0.03373809523809512 0.022488095238095307
11 0.585625 0.589375 0.028742977528089853 0.028742977528089853
13 0.9325 0.32125 0.07999509803921567 0.0474950980392157
20 0.92625 0.809375 0.00995689655172416 0.011206896551724133
11 0.6418750000000001 0.10375 0.026228448275862126 0.022478448275862067
14 0.145625 0.21000000000000002 0.026136363636363624 0.019886363636363674
01 0.23875000000000002 0.32437499999999997 0.02248579545454546 0.021235795454545514
08 0.5231326219512196 0.07749999999999999 0.03873475609756094 0.07996951219512194
12 0.08625 0.958125 0.03248214285714286 0.02873214285714276
07 0.7681218750000001 0.8343750000000001 0.04624375000000003 0.02873749999999997
