07 0.443125 0.9256249999999999 0.05373355263157892 0.09123355263157895
06 0.798125 0.174375 0.18624161073825496 0.021241610738255035
03 0.65125 0.561875 0.07245689655172405 0.046206896551724164
07 0.8356263888888888 0.82875 0.09624722222222226 0.09249444444444443
18 0.190625 0.1675 0.04623809523809527 0.047488095238095274
14 0.231875 0.333125 0.06624297752808983 0.05624297752808982
12 0.344375 0.29875 0.0762450980392157 0.08499509803921568
17 0.18 0.09437499999999999 0.08495689655172411 0.07120689655172413
20 0.519375 0.92375 0.05372844827586204 0.032478448275862215
03 0.73875 0.7581249999999999 0.1323863636363638 0.07863636363636373
01 0.46125000000000005 0.95875 0.05498579545454546 0.03998579545454528
20 0.255625 0.9775 0.03371951219512201 0.027469512195121948
02 0.433125 0.476875 0.03373214285714282 0.09373214285714282
01 0.05625 0.678125 0.049987500000000004 0.04123750000000004
