11 0.13125 0.755625 0.03248355263157894 0.031233552631578898
12 0.345 0.365625 0.04999161073825503 0.04624161073825506
20 0.744375 0.451875 0.02120689655172414 0.021206896551724086
03 0.458125 0.29000000000000004 0.04624444444444453 0.052494444444444455
05 0.9624999999999999 0.7575000000000001 0.044988095238095105 0.027488095238095034
03 0.7268749999999999 0.9237500000000001 0.0212429775280899 0.02499297752808982
09 0.30937499999999996 0.289375 0.023745098039215706 0.03624509803921572
08 0.54375 0.02 0.02745689655172412 0.014956896551724138
18 0.16375 0.50375 0.02497844827586207 0.0274784482758621
20 0.743125 0.37625 0.026136363636363735 0.024886363636363595
04 0.395 0.73125 0.0374857954545455 0.03248579545454533
08 0.816875 0.063125 0.033719512195121926 0.01871951219512194
03 0.064375 0.143125 0.038732142857142854 0.021232142857142866
