09 0.709375 0.81125 0.033733552631578956 0.05248355263157889
12 0.7281249999999999 0.854375 0.08874161073825493 0.07124161073825497
02 0.8318749999999999 0.371875 0.06370689655172412 0.043706896551724106
14 0.338125 0.6174999999999999 0.08874444444444446 0.05999444444444446
06 0.61625 0.920625 0.11248809523809511 0.10373809523809507
08 0.06312499999999999 0.826875 0.08374297752808987 0.0212429775280899
13 0.49187499999999995 0.505 0.058745098039215626 0.08249509803921568
18 0.18 0.733125 0.02995689655172412 0.0337068965517241
11 0.910625 0.905 0.046228448275862144 0.039978448275862166
08 0.739375 0.09687499999999999 0.06613636363636366 0.04863636363636363
02 0.254375 0.79625 0.13623579545454548 0.07998579545454532
04 0.5562499999999999 0.061875 0.04496951219512202 0.048719512195121946
04 0.705 0.45999999999999996 0.04498214285714286 0.04248214285714286
