20 0.95 0.164375 0.009983552631578907 0.011233552631578964
10 0.49875 0.95375 0.01749161073825506 0.014991610738254835
03 0.5075000000000001 0.25873922413793105 0.029956896551724177 0.02247844827586204
07 0.7375013888888889 0.46875 0.02249722222222217 0.03499444444444455
01 0.13124999999999998 0.803125 0.024988095238095226 0.02623809523809517
01 0.7725 0.42374999999999996 0.022492977528089875 0.024992977528089877
17 0.09375 0.22562500000000002 0.022495098039215677 0.02374509803921568
20 0.110625 0.58125 0.021206896551724128 0.022456896551724115
03 0.068125 0.940625 0.021228448275862073 0.01622844827586223
13 0.47062499999999996 0.865 0.023636363636363622 0.07238636363636375
06 0.705625 0.33999999999999997 0.006235795454545223 0.08248579545454543
08 0.54375 0.778125 0.019969512195121997 0.02121951219512197
00 0.481875 0.51625 0.02373214285714287 0.02498214285714284
