10 0.5943750000000001 0.630625 0.02123355263157889 0.01873355263157883
07 0.95 0.42 0.059991610738254875 0.10499161073825503
03 0.0475 0.025625000000000002 0.02745689655172414 0.01620689655172414
11 0.31562500000000004 0.48750000000000004 0.02624444444444446 0.024994444444444486
01 0.899375 0.7362500000000001 0.016238095238095163 0.014988095238095078
02 0.28125 0.4525 0.032492977528089884 0.009992977528089864
03 0.39374877450980394 0.7112499999999999 0.029997549019607883 0.014995098039215615
15 0.385625 0.528125 0.006206896551724128 0.028706896551724204
02 0.73125 0.7625 0.0174784482758622 0.0174784482758622
05 0.7381249999999999 0.921875 0.016136363636363726 0.033636363636363686
11 0.59125 0.13874999999999998 0.037485795454545445 0.02248579545454546
03 0.555625 0.03874999999999999 0.03121951219512198 0.047469512195121945
