18 0.84875 0.839375 0.019983552631578805 0.02123355263157889
18 0.14875 0.91625 0.01999161073825506 0.022491610738254897
18 0.343125 0.7806249999999999 0.01870689655172414 0.02120689655172414
15 0.485 0.903125 0.024994444444444486 0.03624444444444441
01 0.135625 0.663125 0.033738095238095234 0.023738095238095114
14 0.671875 0.041874999999999996 0.0312429775280898 0.026242977528089885
13 0.454375 0.505625 0.05874509803921574 0.05874509803921568
19 0.12125 0.303125 0.022456896551724115 0.031206896551724095
17 0.8512500000000001 0.140625 0.02747844827586221 0.031228448275862075
05 0.28125 0.5856250000000001 0.014886363636363642 0.028636363636363682
06 0.390625 0.38 0.013735795454545507 0.027485795454545436
12 0.595 0.1925 0.03746951219512196 0.04496951219512196
03 0.18562499999999998 0.744375 0.041232142857142856 0.01373214285714286
14 0.8943749999999999 0.5925 0.04623750000000004 0.01748749999999999
