03 0.056874999999999995 0.7381249999999999 0.04873355263157894 0.04123355263157891
14 0.28375 0.05625 0.022491610738255008 0.03249161073825503
03 0.811239224137931 0.150625 0.029978448275862046 0.046206896551724136
11 0.7525 0.894375 0.02249444444444426 0.0212444444444444
06 0.556875 0.40812499999999996 0.07373809523809527 0.05123809523809525
00 0.495625 0.893125 0.0312429775280898 0.023742977528089848
17 0.544375 0.16312500000000002 0.028745098039215766 0.031245098039215685
15 0.19748922413793102 0.141875 0.007478448275862054 0.02120689655172414
06 0.6587553879310345 0.1325 0.06498922413793107 0.009978448275862056
02 0.04 0.27749999999999997 0.037386363636363634 0.042386363636363666
05 0.980625 0.961875 0.026235795454545352 0.023735795454545294
