10 0.656875 0.22375 0.02873355263157884 0.022483552631578974
04 0.04375 0.15375 0.027491610738255033 0.027491610738255068
03 0.390625 0.583125 0.0387068965517241 0.03120689655172404
11 0.88375 0.6187499999999999 0.029994444444444324 0.022494444444444484
06 0.044375 0.2175 0.03123809523809523 0.05748809523809528
08 0.9325 0.12875 0.02749297752808988 0.0474929775280899
07 0.828125 0.59625 0.028745098039215655 0.03999509803921575
11 0.611875 0.485 0.028706896551724204 0.024956896551724117
12 0.818125 0.678125 0.03122844827586224 0.03372844827586219
12 0.24312499999999998 0.12875 0.03863636363636366 0.03738636363636362
06 0.62125 0.9606250000000001 0.07248579545454548 0.016235795454545232
17 0.34750000000000003 0.7525 0.027469512195122003 0.027469512195121948
00 0.8725 0.18 0.0274821428571429 0.02498214285714284
04 0.808125 0.08000000000000002 0.026237500000000025 0.022487500000000007
