07 0.494375 0.06812088815789473 0.043733552631578965 0.028741776315789468
06 0.400625 0.2575 0.06874161073825502 0.06999161073825502
13 0.32625 0.96375 0.06245689655172415 0.029956896551724066
06 0.4412513888888889 0.541875 0.02999722222222223 0.03874444444444447
15 0.35875 0.8500000000000001 0.027488095238095256 0.02248809523809514
01 0.7825 0.08812500000000001 0.01749297752808987 0.018742977528089885
18 0.14125 0.49312500000000004 0.024995098039215707 0.02874509803921571
03 0.7050000000000001 0.6425000000000001 0.039956896551724186 0.04245689655172413
02 0.253125 0.36750000000000005 0.021228448275862094 0.052478448275862066
12 0.9393750000000001 0.784375 0.04613636363636375 0.0486363636363637
15 0.34375 0.800625 0.04498579545454551 0.03873579545454531
03 0.774375 0.5425 0.018719512195121912 0.039969512195122014
10 0.839375 0.32875 0.03123214285714282 0.03498214285714285
08 0.8518749999999999 0.139375 0.026237500000000025 0.05373750000000001
