01 0.049375 0.4625 0.031233552631578954 0.027483552631578922
14 0.650625 0.6543749999999999 0.038741610738254995 0.02374161073825498
15 0.26187499999999997 0.306875 0.01870689655172414 0.0337068965517241
02 0.05687361111111111 0.6356249999999999 0.011247222222222228 0.04624444444444442
01 0.38312500000000005 0.734375 0.013738095238095271 0.011238095238095047
13 0.52375 0.11062499999999999 0.09249297752808988 0.13374297752808986
13 0.6 0.53625 0.0474950980392157 0.049995098039215646
14 0.10999999999999999 0.5918749999999999 0.037456896551724114 0.028706896551724204
06 0.6581303879310345 0.15125 0.07373922413793099 0.012478448275862059
06 0.06125 0.8849715909090909 0.06738636363636363 0.039943181818181905
19 0.275 0.23374999999999999 0.027485795454545492 0.03498579545454544
20 0.968125 0.5 0.03121951219512198 0.024969512195121946
01 0.41125 0.65 0.017482142857142835 0.014982142857142833
02 0.81375 0.661875 0.027487499999999998 0.026237500000000025
