14 0.573125 0.43125 0.051233552631578805 0.0699835526315789
00 0.619375 0.565 0.06874161073825491 0.06749161073825505
03 0.75375 0.16375 0.049956896551724084 0.10495689655172413
18 0.259375 0.7362500000000001 0.038744444444444415 0.04249444444444428
16 0.3275 0.6331249999999999 0.08248809523809525 0.07873809523809516
12 0.169375 0.41625 0.06624297752808986 0.16749297752808984
11 0.43125 0.479375 0.06249509803921566 0.04874509803921567
04 0.575 0.259375 0.06745689655172404 0.05620689655172412
15 0.815 0.90375 0.0949784482758621 0.059978448275862184
17 0.5943750000000001 0.6468750000000001 0.05363636363636359 0.08863636363636374
