04 0.32062499999999994 0.49 0.031233552631578954 0.03248355263157893
14 0.296875 0.651875 0.028741610738255097 0.02374161073825487
14 0.39375000000000004 0.64125 0.014956896551724108 0.0549568965517242
20 0.38125 0.44375 0.027494444444444488 0.02249444444444454
08 0.398125 0.089375 0.021238095238095278 0.033738095238095234
14 0.68625 0.438125 0.03749297752808989 0.07624297752808984
20 0.81 0.061875 0.02999509803921574 0.028745098039215683
12 0.345 0.58125 0.04245689655172408 0.059956896551724204
04 0.628125 0.375 0.03872844827586208 0.032478448275862104
04 0.495625 0.21125 0.03363636363636363 0.022386363636363676
