13 0.6487499999999999 0.286875 0.047483552631578996 0.043733552631578965
09 0.126875 0.660625 0.038741610738255036 0.028741610738254875
17 0.4925 0.8218749999999999 0.032456896551724124 0.04120689655172416
04 0.5275000000000001 0.43000000000000005 0.039994444444444555 0.02999444444444449
06 0.69625 0.83125 0.06748809523809507 0.06998809523809513
14 0.358125 0.484375 0.041242977528089864 0.0312429775280898
10 0.31875 0.099375 0.03749509803921569 0.03624509803921569
20 0.104375 0.74125 0.02370689655172413 0.02495689655172406
01 0.49 0.765 0.0274784482758621 0.024978448275862153
11 0.690625 0.24125 0.03113636363636374 0.02238636363636365
00 0.50625 0.6125 0.03248579545454544 0.029985795454545383
15 0.593125 0.15812500000000002 0.03871951219512204 0.018719512195121968
