01 0.91625 0.015625 0.022483552631578974 0.021233552631578945
03 0.7618750000000001 0.28 0.03624161073825494 0.009991610738254997
14 0.38687499999999997 0.72375 0.05370689655172417 0.02745689655172412
03 0.454375 0.815625 0.031244444444444464 0.08124444444444434
18 0.6925 0.1825 0.027488095238095145 0.029988095238095258
20 0.75 0.95375 0.019992977528089817 0.014992977528089924
02 0.345 0.1225 0.022495098039215733 0.0649950980392157
14 0.426875 0.428125 0.04120689655172416 0.04620689655172411
05 0.050624999999999996 0.48687499999999995 0.03872844827586207 0.021228448275862066
14 0.8125 0.548125 0.022386363636363704 0.02863636363636357
01 0.4225 0.9625 0.022485795454545487 0.02498579545454538
12 0.334375 0.175625 0.058719512195122 0.07621951219512196
09 0.301875 0.09312500000000001 0.03373214285714288 0.05873214285714286
