13 0.43875 0.396875 0.03248355263157893 0.07623355263157888
03 0.5206249999999999 0.068125 0.031241610738255043 0.046241610738255036
03 0.901875 0.05562500000000001 0.018706896551724084 0.02370689655172415
02 0.8325 0.505625 0.054994444444444346 0.021244444444444566
03 0.468125 0.0225 0.08873809523809523 0.03248809523809523
18 0.121875 0.31375 0.021242977528089874 0.024992977528089877
13 0.3325 0.25875000000000004 0.032495098039215686 0.06999509803921572
03 0.239375 0.80125 0.02120689655172414 0.032456896551724124
18 0.36875 0.5575 0.02247844827586204 0.024978448275862153
14 0.07752840909090909 0.34187500000000004 0.032443181818181815 0.04113636363636358
10 0.8825000000000001 0.46499999999999997 0.03248579545454533 0.027485795454545492
