12 0.973125 0.275 0.043733552631578965 0.044983552631578994
03 0.119375 0.344375 0.053741610738255036 0.07624161073825503
11 0.505 0.19375 0.03745689655172413 0.032456896551724124
03 0.7125 0.76625 0.01499444444444431 0.029994444444444435
06 0.44937499999999997 0.384375 0.036238095238095236 0.08873809523809523
10 0.665625 0.07 0.028742977528089853 0.02499297752808989
18 0.24 0.8975 0.027495098039215682 0.02999509803921574
09 0.583125 0.8812500000000001 0.03370689655172421 0.04245689655172413
01 0.104375 0.410625 0.02372844827586207 0.021228448275862066
09 0.675 0.042499999999999996 0.032386363636363824 0.052386363636363634
06 0.5687500000000001 0.471875 0.06748579545454547 0.11123579545454543
11 0.385625 0.255 0.03121951219512198 0.029969512195122006
13 0.24125 0.08687500000000001 0.044982142857142804 0.051232142857142865
