12 0.349375 0.6637500000000001 0.08123355263157894 0.05998355263157895
18 0.671875 0.430625 0.02374161073825487 0.02624161073825504
08 0.6268750000000001 0.521875 0.05620689655172406 0.05370689655172417
01 0.713125 0.105625 0.026244444444444293 0.018744444444444466
10 0.90375 0.864375 0.029988095238095203 0.02623809523809517
04 0.88 0.56875 0.03249297752808977 0.029992977528089826
01 0.7112499999999999 0.47125 0.02999509803921574 0.01999509803921573
04 0.11124999999999999 0.779375 0.037456896551724114 0.0387068965517241
15 0.3025 0.4475 0.04497844827586206 0.05747844827586207
07 0.6056534090909091 0.680625 0.02119318181818175 0.04113636363636375
04 0.896875 0.64125 0.03623579545454536 0.02498579545454538
