14 0.455 0.708125 0.04248355263157888 0.05873355263157887
00 0.495625 0.81125 0.03624161073825505 0.024991610738254955
02 0.93875 0.6925 0.0749568965517241 0.029956896551724066
11 0.59375 0.07375000000000001 0.039994444444444444 0.04999444444444446
11 0.07625 0.31999999999999995 0.04748809523809524 0.029988095238095258
04 0.821875 0.26749999999999996 0.04124297752808981 0.027492977528089824
12 0.041249999999999995 0.4625 0.04249509803921569 0.054995098039215706
06 0.11687499999999999 0.11812500000000001 0.09620689655172412 0.07120689655172413
11 0.740625 0.043125 0.0437284482758622 0.04122844827586207
02 0.22312500000000002 0.6012500000000001 0.03613636363636366 0.047386363636363504
04 0.576875 0.400625 0.041235795454545476 0.031235795454545467
09 0.9581249999999999 0.46125 0.03621951219512198 0.027469512195121948
08 0.506875 0.89125 0.026232142857142815 0.047482142857142806
13 0.56625 0.32875 0.0324875 0.0924875
