17 0.111875 0.770625 0.06623355263157894 0.053733552631578974
03 0.195625 0.6643749999999999 0.02874161073825504 0.04124161073825483
12 0.613125 0.41500000000000004 0.05870689655172412 0.05745689655172409
09 0.47250000000000003 0.879375 0.08249444444444448 0.043744444444444364
20 0.5037499999999999 0.06 0.037488095238095265 0.027488095238095228
09 0.12062500000000001 0.44875 0.048742977528089884 0.052492977528089846
06 0.88 0.17812499999999998 0.09999509803921569 0.18624509803921568
14 0.28376077586206894 0.629375 0.062478448275862075 0.06870689655172413
03 0.391875 0.31875 0.07872844827586206 0.04247844827586206
07 0.224375 0.78625 0.04613636363636367 0.05988636363636379
13 0.21000000000000002 0.4625 0.16248579545454547 0.12998579545454542
15 0.8868826219512196 0.32999999999999996 0.03373475609756105 0.017469512195121994
06 0.115 0.534375 0.03748214285714288 0.05623214285714284
