00 0.426875 0.305 0.028733552631578896 0.027483552631578978
10 0.349375 0.688125 0.021241610738255035 0.021241610738254924
15 0.72125 0.15625 0.019956896551724168 0.04245689655172413
02 0.7112499999999999 0.284375 0.08249444444444431 0.05624444444444443
03 0.273125 0.08875 0.021238095238095278 0.034988095238095235
12 0.63625 0.569375 0.05499297752808985 0.036242977528089804
03 0.38375000000000004 0.385 0.019995098039215675 0.03499509803921569
08 0.8975 0.35875 0.057456896551724146 0.01745689655172411
11 0.344375 0.7975 0.03872844827586208 0.03497844827586216
07 0.888125 0.476875 0.016136363636363726 0.043636363636363584
01 0.8518749999999999 0.775625 0.02873579545454541 0.01873579545454529
06 0.79625 0.72875 0.039969512195122014 0.06746951219512198
14 0.7987500000000001 0.451875 0.05248214285714281 0.0712321428571428
