20 0.29125 0.7931250000000001 0.03998355263157899 0.03873355263157896
09 0.6093729026845638 0.5531250000000001 0.09124580536912752 0.06374161073825502
09 0.938125 0.21625 0.04120689655172405 0.03745689655172413
20 0.8175 0.24562499999999998 0.02499444444444432 0.018744444444444425
00 0.08 0.36875 0.04248809523809524 0.037488095238095265
06 0.2375 0.348125 0.11499297752808987 0.06874297752808983
14 0.423125 0.374375 0.10124509803921572 0.02624509803921571
14 0.694375 0.668125 0.07620689655172408 0.05870689655172412
14 0.07875 0.32437499999999997 0.06247844827586207 0.048728448275862035
18 0.400625 0.138125 0.02863636363636357 0.03113636363636363
01 0.9312499999999999 0.15000000000000002 0.04248579545454534 0.024985795454545462
04 0.29625 0.53 0.04246951219512196 0.03246951219512195
09 0.64625 0.575 0.05998214285714276 0.0424821428571428
