11 0.5831249999999999 0.9275 0.031233552631578898 0.022483552631578974
08 0.404375 0.9356249999999999 0.06124161073825507 0.02374161073825498
08 0.11875 0.400625 0.05745689655172413 0.023706896551724144
15 0.244375 0.403125 0.013744444444444448 0.033744444444444466
09 0.35062499999999996 0.349375 0.038738095238095294 0.03873809523809524
10 0.11562499999999999 0.39937500000000004 0.02874297752808988 0.031242977528089855
20 0.610625 0.51 0.02374509803921565 0.022495098039215622
18 0.74125 0.095 0.01745689655172411 0.02245689655172413
10 0.49 0.275625 0.024978448275862097 0.02372844827586207
00 0.33375 0.12375 0.027386363636363653 0.024886363636363637
15 0.5325 0.35125 0.012485795454545423 0.02498579545454549
