03 0.46625 0.536875 0.014983552631578911 0.013733552631578938
20 0.885625 0.35124999999999995 0.011241610738254915 0.012491610738255055
01 0.605 0.489375 0.022456896551724115 0.02120689655172414
02 0.15625 0.6925 0.03249444444444444 0.03499444444444433
14 0.42437499999999995 0.921875 0.013738095238095271 0.03873809523809513
00 0.274375 0.121875 0.028742977528089853 0.026242977528089878
12 0.9762500000000001 0.825625 0.04499509803921564 0.031245098039215713
12 0.27875 0.9299999999999999 0.024956896551724173 0.029956896551724177
09 0.65625 0.013744612068965519 0.014978448275862144 0.027489224137931038
02 0.721278409090909 0.135 0.01744318181818183 0.042386363636363625
