03 0.598125 0.5025 0.033733552631578956 0.029983552631578925
03 0.8674999999999999 0.489375 0.03749161073825491 0.0962416107382551
11 0.868125 0.760625 0.02120689655172414 0.018706896551724084
05 0.27625 0.14375 0.014994444444444421 0.02749444444444446
13 0.745625 0.76875 0.03873809523809513 0.027488095238095145
11 0.909375 0.603125 0.016242977528089786 0.018742977528089844
05 0.40875 0.8787499999999999 0.014995098039215726 0.01999509803921573
13 0.673125 0.715625 0.016206896551724137 0.08870689655172415
15 0.084375 0.646875 0.013728448275862074 0.011228448275862224
04 0.931875 0.39 0.02113636363636373 0.022386363636363593
