10 0.8925 0.8006249999999999 0.03498355263157893 0.033733552631578845
03 0.189375 0.056249999999999994 0.033741610738255046 0.019991610738255026
00 0.8887499999999999 0.056875 0.04495689655172408 0.03620689655172414
13 0.898751388888889 0.408125 0.06999722222222216 0.0687444444444445
18 0.0325 0.9693750000000001 0.019988095238095235 0.023738095238095114
01 0.83125 0.55 0.02499297752808982 0.019992977528089928
03 0.589375 0.628125 0.05124509803921562 0.05374509803921568
09 0.5231250000000001 0.656875 0.03120689655172415 0.06870689655172413
08 0.885 0.485 0.04497844827586217 0.04747844827586206
14 0.533125 0.728125 0.016136363636363615 0.03113636363636374
