14 0.106875 0.805625 0.021233552631578945 0.031233552631578898
07 0.0975 0.915625 0.02249161073825505 0.031241610738254932
02 0.36624999999999996 0.04625 0.017456896551724166 0.039956896551724144
03 0.583125 0.5231250000000001 0.043744444444444586 0.043744444444444475
09 0.384375 0.27375 0.018738095238095276 0.04248809523809527
02 0.399375 0.93625 0.028742977528089853 0.022492977528089875
01 0.21687499999999998 0.5862499999999999 0.018745098039215674 0.012495098039215669
03 0.2925 0.8825000000000001 0.019956896551724113 0.019956896551724168
12 0.82375 0.8425 0.02997844827586227 0.03747844827586222
03 0.731875 0.213125 0.016136363636363726 0.013636363636363669
09 0.47125 0.425625 0.02498579545454549 0.031235795454545467
07 0.161875 0.69 0.026219512195121947 0.04246951219512207
14 0.08375 0.600625 0.03248214285714285 0.0587321428571429
13 0.364375 0.75875 0.033737499999999976 0.02498750000000005
