14 0.168125 0.52625 0.031233552631578954 0.027483552631578867
14 0.509375 0.23249999999999998 0.041241610738255 0.04999161073825506
20 0.104375 0.7481249999999999 0.028706896551724134 0.02120689655172414
03 0.829375 0.7693749999999999 0.05374444444444437 0.061244444444444324
10 0.538125 0.72875 0.033738095238095234 0.02248809523809514
02 0.938125 0.21687499999999998 0.05124297752808982 0.041242977528089836
10 0.62875 0.25125000000000003 0.024995098039215735 0.02749509803921571
11 0.360625 0.8712500000000001 0.03370689655172415 0.04495689655172408
19 0.230625 0.791875 0.03872844827586208 0.04122844827586225
07 0.8556250000000001 0.59 0.028636363636363682 0.057386363636363624
03 0.13 0.250625 0.02748579545454545 0.038735795454545474
11 0.704375 0.431875 0.04121951219512199 0.038719512195121986
