05 0.7362500000000001 0.6875 0.019983552631578916 0.04998355263157883
11 0.3425 0.473125 0.03999161073825502 0.033741610738255046
05 0.54625 0.22062500000000002 0.02745689655172412 0.05370689655172414
05 0.129375 0.4425 0.026244444444444445 0.04999444444444445
10 0.881875 0.30000000000000004 0.04623809523809508 0.029988095238095258
04 0.09625 0.61625 0.03999297752808989 0.03749297752808989
11 0.566875 0.82625 0.04124509803921572 0.03749509803921569
04 0.8518749999999999 0.5856250000000001 0.0337068965517241 0.03120689655172415
14 0.26937500000000003 0.448125 0.028728448275862017 0.043728448275862086
14 0.92375 0.35125 0.04238636363636372 0.047386363636363615
06 0.719375 0.8043750000000001 0.026235795454545352 0.02623579545454524
