03 0.175 0.14437500000000003 0.032483552631578955 0.07623355263157897
03 0.5331250000000001 0.661875 0.038741610738255106 0.101241610738255
03 0.6018749999999999 0.815625 0.04870689655172422 0.06620689655172407
06 0.778751388888889 0.306875 0.042497222222222186 0.26374444444444445
08 0.084375 0.519375 0.13873809523809524 0.07373809523809532
17 0.6581250000000001 0.2675 0.08624297752808985 0.08749297752808985
07 0.434375 0.373125 0.10124509803921566 0.11124509803921567
18 0.1175 0.44437499999999996 0.049956896551724125 0.05120689655172411
04 0.103125 0.353125 0.06872844827586205 0.0612284482758621
08 0.7112499999999999 0.075625 0.047386363636363726 0.08363636363636365
