01 0.13624999999999998 0.445625 0.01748355263157894 0.016233552631578885
09 0.405 0.3325 0.02499161073825501 0.027491610738255068
14 0.9775 0.9375 0.032456896551724124 0.024956896551724173
00 0.29625 0.5825 0.03249444444444444 0.027494444444444488
02 0.294375 0.40312499999999996 0.023738095238095225 0.018738095238095276
10 0.134375 0.596875 0.026242977528089892 0.018742977528089844
16 0.37312500000000004 0.654375 0.02874509803921571 0.038745098039215664
08 0.651239224137931 0.943125 0.014978448275862033 0.036206896551724155
12 0.380625 0.860625 0.03622844827586208 0.028728448275862184
00 0.69625 0.140625 0.029886363636363766 0.03113636363636363
08 0.1825 0.49749999999999994 0.03498579545454547 0.01998579545454543
11 0.984375 0.55875 0.023719512195121917 0.022469512195121943
