13 0.9199999999999999 0.406875 0.04248355263157888 0.06373355263157893
08 0.8943749999999999 0.31 0.01624161073825492 0.027491610738255012
09 0.5700107758620689 0.429375 0.032478448275862104 0.02120689655172414
08 0.4525 0.8400000000000001 0.03249444444444449 0.029994444444444324
07 0.34375 0.78375 0.009988095238095296 0.03248809523809515
03 0.47750000000000004 0.86625 0.034992977528089886 0.03499297752808983
01 0.411875 0.953125 0.018745098039215702 0.011245098039215584
03 0.42500000000000004 0.65375 0.034956896551724126 0.08745689655172406
12 0.374375 0.4075 0.03622844827586208 0.05997844827586202
13 0.930625 0.5275 0.026136363636363735 0.0873863636363636
08 0.29125 0.735 0.007485795454545474 0.017485795454545316
08 0.714375 0.03937499999999999 0.04871951219512205 0.033719512195121946
01 0.8400000000000001 0.6025 0.029982142857142846 0.019982142857142837
03 0.018753125 0.743125 0.014993749999999998 0.036237500000000034
