04 0.674375 0.553125 0.0362335526315789 0.026233552631578894
20 0.2875 0.551875 0.029991610738255015 0.023741610738255092
14 0.5900000000000001 0.026875000000000003 0.039956896551724186 0.02620689655172414
00 0.3725 0.701875 0.027494444444444488 0.023744444444444346
12 0.67125 0.973125 0.04748809523809516 0.031238095238095065
06 0.50875 0.055624999999999994 0.04249297752808984 0.07874297752808988
07 0.5325 0.83875 0.017495098039215673 0.03999509803921564
03 0.785625 0.5025 0.01370689655172419 0.022456896551724115
01 0.12125 0.610625 0.01997844827586208 0.018728448275862064
17 0.901875 0.5706249999999999 0.04113636363636375 0.03113636363636363
