20 0.246875 0.666875 0.01873355263157897 0.013733552631578938
02 0.17625000000000002 0.38625 0.02749161073825504 0.04249161073825508
18 0.405625 0.573125 0.01870689655172414 0.02120689655172403
09 0.524375 0.095 0.04624444444444453 0.022494444444444456
11 0.09875 0.4525 0.02498809523809524 0.017488095238095247
13 0.258125 0.070625 0.023742977528089848 0.08124297752808989
03 0.665 0.171875 0.014995098039215726 0.033745098039215715
03 0.218125 0.77875 0.05370689655172414 0.029956896551724177
06 0.6087446120689655 0.41000000000000003 0.057489224137931116 0.04747844827586206
09 0.12437500000000001 0.736875 0.026136363636363638 0.03863636363636369
13 0.275 0.936875 0.07498579545454548 0.016235795454545343
06 0.22249999999999998 0.36 0.06246951219512195 0.07746951219512199
