04 0.940625 0.25375000000000003 0.023733552631578836 0.024983552631578976
08 0.40937500000000004 0.1775 0.023741610738255037 0.01749161073825503
13 0.26375000000000004 0.615 0.12245689655172415 0.04495689655172419
00 0.825 0.19375 0.022494444444444373 0.02499444444444443
06 0.095625 0.8175 0.013738095238095244 0.027488095238095145
16 0.54625 0.865 0.03249297752808977 0.029992977528089826
12 0.6275 0.49375 0.03749509803921569 0.04499509803921575
03 0.9137500000000001 0.253125 0.019956896551724168 0.0337068965517241
04 0.206875 0.451875 0.01372844827586206 0.013728448275862115
12 0.28875 0.603125 0.029886363636363655 0.04613636363636364
12 0.59625 0.69625 0.019985795454545374 0.05748579545454535
