06 0.055624999999999994 0.25187499999999996 0.011233552631578957 0.02623355263157895
15 0.7012520973154364 0.875625 0.03249580536912744 0.046241610738254835
11 0.7518750000000001 0.94625 0.0337068965517241 0.029956896551724177
05 0.606875 0.7818750000000001 0.03124444444444452 0.01874444444444434
02 0.6856249999999999 0.938125 0.05373809523809514 0.041238095238095074
15 0.843125 0.138125 0.0312429775280898 0.0387429775280899
14 0.9025 0.36375 0.024995098039215735 0.019995098039215675
18 0.580625 0.0875 0.018706896551724195 0.01995689655172414
18 0.2475 0.67375 0.019978448275862037 0.022478448275862206
05 0.41000000000000003 0.731875 0.01988636363636359 0.03113636363636374
10 0.39875 0.37375 0.03248579545454544 0.024985795454545434
03 0.428125 0.845 0.03121951219512198 0.029969512195122006
04 0.396875 0.370625 0.03373214285714282 0.03123214285714282
