12 0.37312500000000004 0.880625 0.048733552631578914 0.02873355263157884
03 0.32375 0.4625 0.024991610738255066 0.027491610738255068
02 0.7418857758620689 0.915625 0.0062284482758621085 0.018706896551724084
00 0.024375 0.665 0.02124444444444444 0.017494444444444368
06 0.19 0.33999999999999997 0.014988095238095273 0.07248809523809524
02 0.480625 0.12875 0.03374297752808986 0.019992977528089886
04 0.33187500000000003 0.44999999999999996 0.018745098039215702 0.01499509803921567
18 0.54125 0.646875 0.014956896551724164 0.018706896551724084
07 0.921875 0.8374999999999999 0.026228448275862126 0.0174784482758622
06 0.091875 0.311875 0.011136363636363639 0.04363636363636364
04 0.26375000000000004 0.791875 0.017485795454545483 0.013735795454545396
05 0.2975 0.10500000000000001 0.024969512195122 0.01496951219512195
