06 0.8562541118421052 0.806875 0.017491776315789465 0.053733552631578974
07 0.39 0.655 0.06749161073825505 0.06249161073825504
07 0.7150000000000001 0.77875 0.012456896551724106 0.05245689655172414
13 0.33125000000000004 0.686875 0.042494444444444446 0.0837444444444444
06 0.2475 0.20625 0.11748809523809525 0.08498809523809528
13 0.094375 0.606875 0.06124297752808988 0.09624297752808986
04 0.840625 0.6925 0.04374509803921567 0.03749509803921569
10 0.5475 0.128125 0.029956896551724066 0.02870689655172412
03 0.03125 0.314375 0.042478448275862064 0.03372844827586208
16 0.6643749999999999 0.67875 0.051136363636363646 0.04488636363636378
14 0.26625 0.81375 0.017485795454545483 0.02498579545454538
06 0.915 0.245625 0.12746951219512204 0.028719512195121977
06 0.6575 0.448125 0.08248214285714284 0.04123214285714283
04 0.61625 0.899375 0.03498750000000006 0.023737500000000078
