06 0.6950000000000001 0.5393749999999999 0.03248355263157887 0.013733552631578827
09 0.6675 0.188125 0.022491610738254897 0.02874161073825507
07 0.751260775862069 0.370625 0.03747844827586211 0.01870689655172414
17 0.28812499999999996 0.636875 0.05374444444444443 0.036244444444444524
14 0.129375 0.729375 0.03623809523809522 0.03873809523809513
05 0.148125 0.930625 0.02874297752808988 0.026242977528089795
01 0.12625 0.115625 0.027495098039215682 0.018745098039215688
14 0.13375 0.5075 0.019956896551724126 0.044956896551724135
07 0.6268750000000001 0.23812500000000003 0.0587284482758621 0.07122844827586208
18 0.8625 0.61375 0.014886363636363753 0.01738636363636359
18 0.39125 0.68625 0.019985795454545485 0.02248579545454532
