03 0.5706249999999999 0.8262499999999999 0.02873355263157895 0.01748355263157897
12 0.27125 0.7262500000000001 0.054991610738255065 0.01999161073825484
03 0.163125 0.494375 0.07370689655172413 0.031206896551724095
01 0.36124999999999996 0.75375 0.014994444444444477 0.01499444444444431
18 0.379375 0.59125 0.016238095238095274 0.019988095238095194
14 0.83375 0.655 0.03249297752808977 0.01749297752808987
14 0.5818749999999999 0.064375 0.03374509803921566 0.023745098039215685
04 0.985625 0.14250000000000002 0.02120689655172414 0.017456896551724138
13 0.41500000000000004 0.8131250000000001 0.029978448275862102 0.1112284482758622
03 0.5531250000000001 0.69625 0.023636363636363567 0.012386363636363806
08 0.371875 0.8700000000000001 0.02123579545454546 0.03248579545454533
15 0.345625 0.5725 0.011219512195121961 0.019969512195121997
13 0.485625 0.37375 0.05873214285714279 0.034982142857142795
08 0.5525 0.6968749999999999 0.029987500000000056 0.036237500000000034
