06 0.580625 0.513125 0.06373355263157887 0.051233552631578916
15 0.59125 0.66125 0.017491610738255114 0.01999161073825495
03 0.796875 0.785625 0.03120689655172404 0.026206896551724146
13 0.298125 0.71875 0.031244444444444464 0.1299944444444443
03 0.19625 0.305 0.029988095238095258 0.019988095238095305
01 0.901875 0.208125 0.028742977528089853 0.031242977528089855
20 0.47125 0.20875 0.012495098039215669 0.012495098039215696
08 0.364375 0.6543749999999999 0.0337068965517241 0.03120689655172415
14 0.499375 0.651875 0.023728448275862013 0.03372844827586208
14 0.16250000000000003 0.27812499999999996 0.062386363636363656 0.031136363636363684
20 0.080625 0.386875 0.028735795454545465 0.026235795454545463
