12 0.088125 0.35750000000000004 0.02873355263157895 0.03248355263157893
13 0.545 0.91875 0.06749161073825505 0.03999161073825486
11 0.27375 0.99 0.022456896551724115 0.01745689655172411
02 0.5393749999999999 0.57875 0.028744444444444572 0.01749444444444448
01 0.033125 0.8356250000000001 0.021238095238095236 0.023738095238095114
10 0.178125 0.6893750000000001 0.01624297752808984 0.016242977528089786
01 0.35875 0.809375 0.02499509803921568 0.02624509803921571
05 0.686875 0.885625 0.026206896551724146 0.01370689655172419
01 0.6375000000000001 0.0925 0.01747844827586209 0.012478448275862059
06 0.503125 0.445 0.05863636363636365 0.022386363636363593
00 0.4425 0.09187500000000001 0.017485795454545427 0.01873579545454547
