10 0.9525 0.435 0.03998355263157882 0.029983552631578925
13 0.29312709731543624 0.42000000000000004 0.07874580536912756 0.04999161073825503
11 0.26749999999999996 0.7025 0.03995689655172413 0.02745689655172412
03 0.755 0.850625 0.027494444444444266 0.09624444444444435
03 0.3375 0.37 0.03248809523809526 0.029988095238095314
11 0.56125 0.46625 0.049992977528089844 0.04249297752808989
15 0.1525 0.46375 0.0499950980392157 0.024995098039215735
11 0.9706250000000001 0.301875 0.043706896551724106 0.026206896551724146
20 0.5575 0.135 0.039978448275862055 0.03997844827586207
06 0.668125 0.5725 0.03113636363636374 0.05238636363636351
20 0.868125 0.06625 0.041235795454545365 0.03248579545454546
06 0.495625 0.84625 0.11621951219512194 0.01746951219512194
03 0.126875 0.653125 0.03873214285714287 0.0587321428571429
18 0.23125 0.52875 0.029987500000000028 0.032487500000000114
