14 0.554375 0.120625 0.0362335526315789 0.028733552631578924
02 0.8206249999999999 0.58 0.02374161073825498 0.024991610738255066
03 0.629375 0.56 0.036206896551724155 0.022456896551724115
14 0.431875 0.18562499999999998 0.011244444444444501 0.05624444444444443
06 0.778125 0.3425 0.013738095238095105 0.059988095238095285
20 0.56125 0.675 0.03499297752808983 0.03749297752808978
20 0.926875 0.156875 0.021245098039215593 0.02374509803921568
16 0.42375 0.093125 0.04745689655172414 0.026206896551724118
06 0.53875 0.355 0.08997844827586204 0.019978448275862093
03 0.47125 0.764375 0.022386363636363593 0.05863636363636371
09 0.791875 0.84625 0.026235795454545352 0.014985795454545259
04 0.13125 0.081875 0.027469512195121948 0.023719512195121945
02 0.86375 0.401875 0.029982142857142846 0.023732142857142813
