20 0.27625 0.72375 0.01998355263157897 0.017483552631578858
14 0.628125 0.02375 0.02374161073825498 0.03999161073825503
03 0.840625 0.44999999999999996 0.06870689655172413 0.034956896551724126
11 0.74125 0.07 0.03249444444444438 0.02749444444444446
15 0.114375 0.256875 0.07873809523809523 0.058738095238095284
18 0.6575 0.31875 0.019992977528089817 0.02249297752808982
09 0.8875 0.6056250000000001 0.02999509803921574 0.03374509803921566
18 0.6725 0.555625 0.014956896551724164 0.018706896551724195
06 0.740625 0.41875 0.021228448275862233 0.029978448275862046
17 0.97 0.311875 0.029886363636363766 0.038636363636363635
14 0.149375 0.7012499999999999 0.038735795454545474 0.03248579545454533
20 0.7925 0.093125 0.027469512195121948 0.01871951219512194
04 0.24562499999999998 0.146875 0.02373214285714284 0.018732142857142864
