11 0.65875 0.583125 0.02498355263157881 0.023733552631578947
10 0.364375 0.343125 0.02624161073825504 0.021241610738255035
10 0.8418749999999999 0.18875 0.018706896551724195 0.01745689655172411
18 0.27125 0.06125 0.014994444444444421 0.017494444444444444
00 0.489375 0.23375 0.008738095238095267 0.007488095238095266
12 0.1225 0.6775 0.032492977528089884 0.029992977528089826
14 0.19 0.59125 0.029995098039215684 0.032495098039215686
19 0.53125 0.9256249999999999 0.014956896551724164 0.02120689655172414
00 0.78 0.32125000000000004 0.0174784482758622 0.017478448275862035
14 0.094375 0.6812499999999999 0.018636363636363645 0.02738636363636371
03 0.0925 0.406875 0.024985795454545462 0.03623579545454547
