01 0.149375 0.433125 0.03623355263157896 0.028733552631578896
07 0.6475 0.084375 0.024991610738255066 0.03624161073825505
02 0.700625 0.869375 0.053706896551724115 0.04370689655172422
11 0.265625 0.333125 0.02874444444444446 0.02874444444444446
14 0.195 0.951875 0.06248809523809526 0.04623809523809508
11 0.25875000000000004 0.146875 0.02999297752808988 0.0212429775280899
15 0.7675 0.765625 0.0474950980392157 0.04374509803921578
03 0.7 0.308125 0.03495689655172407 0.05120689655172411
14 0.6325000000000001 0.21125 0.022478448275862095 0.04747844827586206
18 0.32187499999999997 0.095 0.02113636363636362 0.024886363636363623
03 0.9668749999999999 0.315625 0.021235795454545348 0.016235795454545454
03 0.04875 0.34062499999999996 0.02246951219512195 0.03371951219512198
14 0.421875 0.850625 0.01373214285714286 0.033732142857142766
02 0.6699999999999999 0.673125 0.047487500000000016 0.03873749999999998
