14 0.653125 0.635 0.033733552631578845 0.09748355263157893
08 0.6587479026845637 0.03624790268456375 0.04249580536912745 0.03499580536912751
13 0.715625 0.9575 0.04120689655172416 0.02745689655172412
13 0.435 0.429375 0.06999444444444447 0.05874444444444449
01 0.26625 0.65 0.01998809523809525 0.019988095238095083
19 0.8456250000000001 0.24125000000000002 0.03124297752808991 0.03499297752808986
07 0.251875 0.650625 0.02624509803921571 0.04124509803921561
11 0.8025 0.360625 0.032456896551724124 0.028706896551724148
00 0.7737499999999999 0.7675 0.029978448275862157 0.032478448275862215
12 0.609375 0.955625 0.0586363636363636 0.07113636363636366
10 0.20124999999999998 0.30625 0.039985795454545475 0.027485795454545492
