14 0.15000000000000002 0.065 0.014983552631578939 0.024983552631578955
10 0.6975 0.875 0.014991610738254835 0.017491610738255003
00 0.38187499999999996 0.840625 0.013706896551724135 0.01370689655172408
20 0.361875 0.94375 0.016244444444444506 0.01499444444444431
06 0.528125 0.21625 0.021238095238095278 0.014988095238095273
06 0.958125 0.070625 0.05874297752808988 0.021242977528089887
11 0.571875 0.274375 0.0162450980392157 0.0162450980392157
06 0.48375 0.146875 0.0074568965517241015 0.023706896551724144
15 0.116875 0.590625 0.03372844827586208 0.021228448275862122
03 0.388125 0.5762499999999999 0.051136363636363646 0.05238636363636362
