15 0.84125 0.505 0.022483552631578863 0.02998355263157887
04 0.24125000000000002 0.8118749999999999 0.04249161073825505 0.026241610738254928
12 0.48125 0.5225 0.04245689655172413 0.05995689655172409
11 0.174375 0.69375 0.04374444444444445 0.04249444444444439
04 0.3375 0.84125 0.06748809523809524 0.034988095238095096
01 0.774375 0.034999999999999996 0.026242977528089795 0.024992977528089887
03 0.1875 0.86 0.11999509803921571 0.07249509803921561
20 0.564375 0.63625 0.0387068965517241 0.02745689655172412
20 0.615625 0.72 0.03872844827586208 0.03747844827586222
04 0.13125 0.771875 0.04738636363636363 0.03113636363636374
00 0.140625 0.286875 0.041235795454545476 0.028735795454545465
