01 0.735625 0.08562499999999999 0.016233552631578885 0.01623355263157894
13 0.56375 0.953125 0.009991610738255052 0.02374161073825487
14 0.9575 0.2525 0.0074568965517241015 0.01995689655172414
03 0.594375 0.20875 0.018744444444444452 0.022494444444444428
16 0.9768749999999999 0.06625 0.01873809523809522 0.029988095238095237
05 0.426875 0.103125 0.02624297752808985 0.021242977528089887
06 0.2718762254901961 0.905 0.06624754901960783 0.027495098039215682
18 0.32499999999999996 0.19 0.014956896551724108 0.01745689655172411
01 0.6856249999999999 0.34625 0.018728448275862175 0.01747844827586209
12 0.885 0.40812499999999996 0.02738636363636382 0.023636363636363622
