02 0.09062499999999998 0.4868708881578947 0.02123355263157896 0.006241776315789427
18 0.9612499999999999 0.175625 0.012491610738254999 0.01624161073825503
09 0.28500000000000003 0.1325 0.024956896551724117 0.014956896551724136
12 0.8612500000000001 0.55375 0.03999444444444433 0.05999444444444446
07 0.9875029761904762 0.575 0.022494047619047608 0.019988095238095194
15 0.36687499999999995 0.6275 0.031242977528089855 0.027492977528089768
17 0.88375 0.11562499999999999 0.027495098039215682 0.028745098039215683
16 0.89625 0.031875 0.03745689655172413 0.02120689655172414
03 0.20124999999999998 0.340625 0.019978448275862065 0.02372844827586207
14 0.346875 0.54 0.016136363636363615 0.01738636363636359
08 0.014375 0.6799999999999999 0.026235795454545456 0.012485795454545312
12 0.59625 0.88375 0.029969512195121895 0.04996951219512191
01 0.045625 0.586875 0.018732142857142857 0.01373214285714286
18 0.8674999999999999 0.188125 0.012487500000000096 0.016237499999999988
