10 0.6975 0.205 0.019983552631578916 0.01998355263157897
01 0.049375 0.6556249999999999 0.03624161073825503 0.038741610738254884
15 0.484375 0.6993750000000001 0.02120689655172414 0.023706896551724088
18 0.580625 0.370625 0.016244444444444395 0.018744444444444508
15 0.235 0.635 0.02498809523809528 0.01498809523809519
10 0.885 0.746875 0.019992977528089817 0.018742977528089844
10 0.105625 0.19187500000000002 0.018745098039215688 0.018745098039215674
17 0.7093750000000001 0.755625 0.03120689655172415 0.03120689655172404
09 0.111875 0.80375 0.03372844827586208 0.01997844827586215
13 0.29625 0.139375 0.04988636363636362 0.02113636363636362
02 0.609375 0.19124999999999998 0.03873579545454553 0.027485795454545464
11 0.765 0.179375 0.022469512195121943 0.016219512195121966
03 0.3624955357142857 0.15625 0.017491071428571425 0.019982142857142865
08 0.37812500000000004 0.05875 0.03373750000000003 0.01748749999999999
