04 0.753125 0.9612499999999999 0.0362335526315789 0.027483552631578978
11 0.8518749999999999 0.84125 0.03124161073825482 0.024991610738254955
04 0.08875 0.624375 0.02995689655172415 0.028706896551724093
06 0.313125 0.8474986111111111 0.10374444444444447 0.042497222222222186
20 0.195625 0.91875 0.026238095238095283 0.024988095238095087
03 0.568125 0.71875 0.05624297752808993 0.039992977528089835
05 0.03125 0.9593750000000001 0.02249509803921569 0.04124509803921572
06 0.25 0.489375 0.0699568965517241 0.026206896551724146
12 0.9212499999999999 0.15375 0.0799784482758622 0.07247844827586207
12 0.1375 0.138125 0.03488636363636363 0.038636363636363635
14 0.905625 0.816875 0.041235795454545254 0.01873579545454529
06 0.944375 0.31937499999999996 0.08871951219512197 0.04371951219512199
04 0.743125 0.585 0.03873214285714288 0.022482142857142784
