14 0.638125 0.32562499999999994 0.02123355263157889 0.048733552631578914
06 0.7125 0.113125 0.10749161073825486 0.07374161073825503
12 0.833125 0.744375 0.05620689655172417 0.05870689655172412
06 0.32375 0.6187486111111111 0.09499444444444444 0.02249722222222217
00 0.5349999999999999 0.896875 0.03498809523809532 0.028738095238095118
14 0.0925 0.385 0.02749297752808988 0.04499297752808984
00 0.685 0.286875 0.03499509803921563 0.023745098039215706
03 0.20625 0.20937499999999998 0.024956896551724145 0.03620689655172413
03 0.30625 0.318125 0.017478448275862035 0.031228448275862075
13 0.37312500000000004 0.72125 0.05113636363636359 0.06988636363636369
09 0.7737499999999999 0.8318749999999999 0.03998579545454539 0.021235795454545348
08 0.933125 0.81125 0.04121951219512199 0.024969512195122
15 0.05625 0.7637499999999999 0.01748214285714285 0.0274821428571429
04 0.056249999999999994 0.479375 0.029987499999999993 0.03123750000000003
