15 0.41500000000000004 0.92125 0.034983552631578874 0.057483552631578894
08 0.44875 0.455 0.06999161073825505 0.17749161073825503
14 0.236875 0.4825 0.06120689655172415 0.04495689655172408
13 0.16999999999999998 0.72125 0.15749444444444444 0.10749444444444445
05 0.199375 0.531875 0.03373809523809529 0.07123809523809527
05 0.9256249999999999 0.24562499999999998 0.053742977528089875 0.03374297752808983
05 0.450625 0.83875 0.06374509803921569 0.02999509803921563
11 0.704375 0.5900000000000001 0.05620689655172417 0.029956896551724177
20 0.27812499999999996 0.604375 0.02622844827586207 0.028728448275862073
01 0.5075000000000001 0.164375 0.05238636363636362 0.03863636363636366
06 0.565625 0.77875 0.10373579545454548 0.07248579545454537
04 0.535625 0.330625 0.04121951219512199 0.03871951219512193
07 0.673125 0.47250000000000003 0.04123214285714283 0.14998214285714284
00 0.84125 0.36 0.057487500000000025 0.057487500000000025
