08 0.35062499999999996 0.655 0.011233552631578936 0.014983552631578911
13 0.76625 0.396875 0.04999161073825498 0.08124161073825503
06 0.06373922413793104 0.53125 0.022478448275862074 0.09745689655172418
20 0.166875 0.7737499999999999 0.023744444444444457 0.02249444444444426
17 0.23375 0.27437500000000004 0.027488095238095284 0.036238095238095236
18 0.28500000000000003 0.079375 0.017492977528089815 0.0187429775280899
17 0.7525 0.711875 0.027495098039215793 0.031245098039215713
00 0.46187500000000004 0.09687499999999999 0.02620689655172409 0.018706896551724125
03 0.10375000000000001 0.41875 0.09497844827586206 0.05497844827586207
10 0.71375 0.38 0.022386363636363704 0.024886363636363595
02 0.398125 0.481875 0.051235795454545485 0.031235795454545467
03 0.044375 0.08499999999999999 0.016219512195121952 0.03246951219512194
13 0.58375 0.255 0.07748214285714283 0.03498214285714285
03 0.36812500000000004 0.108125 0.0612375 0.018737500000000018
