18 0.330625 0.681875 0.013733552631578938 0.016233552631578885
02 0.023125 0.06312500000000001 0.01624161073825503 0.04374161073825504
01 0.47624999999999995 0.80625 0.02995689655172412 0.02745689655172412
03 0.91125 0.666875 0.027494444444444266 0.016244444444444284
13 0.871875 0.8131220238095238 0.0662380952380951 0.02374404761904758
06 0.30125 0.92875 0.009992977528089864 0.06999297752808986
20 0.028125000000000004 0.9381250000000001 0.013745098039215687 0.011245098039215695
14 0.795625 0.208125 0.016206896551724137 0.05620689655172412
16 0.265 0.184375 0.029978448275862046 0.018728448275862064
14 0.7462500000000001 0.53 0.04488636363636378 0.014886363636363642
