01 0.9299999999999999 0.776875 0.012483552631578854 0.01123355263157888
06 0.878125 0.21187499999999998 0.03124161073825482 0.06124161073825504
11 0.73875 0.17125 0.019956896551724057 0.017456896551724138
13 0.69875 0.144375 0.03249444444444438 0.023744444444444457
11 0.501875 0.641875 0.018738095238095276 0.021238095238095278
13 0.903125 0.44937499999999997 0.028742977528089853 0.038742977528089806
18 0.5081249999999999 0.200625 0.013745098039215642 0.0162450980392157
13 0.555625 0.47 0.036206896551724155 0.052456896551724086
11 0.9550000000000001 0.3225 0.01997844827586215 0.022478448275862095
10 0.16125 0.40249999999999997 0.019886363636363646 0.01988636363636359
20 0.6468749999999999 0.01625 0.013735795454545507 0.014985795454545458
17 0.764375 0.325625 0.02121951219512197 0.02121951219512197
