06 0.53375 0.8681208881578948 0.07498355263157885 0.048741776315789465
14 0.85875 0.735625 0.032491610738254906 0.05124161073825495
14 0.09125 0.7737499999999999 0.024956896551724145 0.029956896551724177
12 0.231875 0.14125 0.03374444444444441 0.03749444444444447
12 0.90875 0.22562500000000002 0.034988095238095096 0.036238095238095264
13 0.81375 0.0875 0.1149929775280899 0.02499297752808989
08 0.798125 0.32 0.021245098039215704 0.059995098039215655
08 0.6275 0.560625 0.029956896551724177 0.05870689655172412
02 0.135 0.36625 0.02997844827586206 0.04497844827586206
14 0.44499999999999995 0.76125 0.01988636363636359 0.04238636363636372
06 0.493125 0.85 0.026235795454545463 0.017485795454545316
08 0.12125 0.561875 0.022469512195121943 0.113719512195122
02 0.900625 0.700625 0.03373214285714288 0.061232142857142846
