02 0.59625 0.426875 0.04498355263157883 0.04373355263157891
20 0.239375 0.54125 0.013741610738255056 0.014991610738255057
01 0.444375 0.858125 0.016206896551724137 0.01370689655172408
12 0.3175 0.78125 0.029994444444444435 0.03249444444444438
03 0.26625 0.7381249999999999 0.07998809523809525 0.03623809523809507
20 0.3725 0.5725 0.01749297752808987 0.014992977528089924
13 0.8656250000000001 0.881875 0.0737450980392157 0.046245098039215726
11 0.114375 0.281875 0.023706896551724144 0.01870689655172414
02 0.133125 0.703125 0.07622844827586206 0.026228448275862126
06 0.48625 0.6375 0.012386363636363584 0.04238636363636361
20 0.6625 0.035625 0.01498579545454537 0.016235795454545454
