08 0.65375 0.5875 0.027483552631578978 0.012483552631578965
06 0.35875 0.7362500000000001 0.01999161073825506 0.059991610738254875
09 0.0475 0.799375 0.02745689655172414 0.023706896551724088
12 0.24125 0.6425000000000001 0.022494444444444428 0.02499444444444443
04 0.9625 0.558125 0.019988095238095083 0.016238095238095274
08 0.8875 0.724375 0.02499297752808982 0.023742977528089848
04 0.08 0.819375 0.0174950980392157 0.013745098039215642
14 0.74125 0.175625 0.014956896551724164 0.026206896551724146
13 0.21000000000000002 0.7924946120689655 0.02497844827586207 0.03498922413793104
00 0.11 0.9750000000000001 0.017386363636363644 0.0173863636363637
10 0.620625 0.031875 0.026235795454545463 0.008735795454545461
11 0.578125 0.5706249999999999 0.016219512195122077 0.016219512195121966
01 0.245 0.7306250000000001 0.007482142857142826 0.011232142857142802
