14 0.41125 0.64125 0.027483552631578867 0.037483552631578876
05 0.44875 0.7862479026845637 0.03999161073825502 0.03249580536912744
10 0.58 0.48625 0.01745689655172411 0.01745689655172411
13 0.44562500000000005 0.546875 0.06124444444444449 0.04624444444444453
08 0.43 0.44625000000000004 0.02248809523809525 0.049988095238095276
04 0.698125 0.766875 0.026242977528089906 0.023742977528089848
07 0.9156249999999999 0.7618750000000001 0.011245098039215695 0.04124509803921572
12 0.8125 0.39875000000000005 0.039956896551724075 0.034956896551724126
09 0.383125 0.84375 0.03872844827586208 0.03997844827586228
15 0.53625 0.85625 0.027386363636363598 0.029886363636363655
06 0.12125 0.199375 0.07748579545454547 0.018735795454545456
05 0.865 0.5743750000000001 0.019969512195121997 0.03871951219512193
12 0.025625000000000002 0.7949999999999999 0.033732142857142856 0.06998214285714288
07 0.765 0.81375 0.0324875 0.029987500000000056
