03 0.826875 0.8243750000000001 0.0362335526315789 0.07123355263157893
15 0.084375 0.35750000000000004 0.013741610738255028 0.027491610738255068
06 0.37312500000000004 0.30625 0.03370689655172415 0.02245689655172417
13 0.14625 0.1875 0.04749444444444445 0.07999444444444445
02 0.0875 0.35375 0.04248809523809523 0.02248809523809525
16 0.81 0.03875 0.039992977528089946 0.05249297752808989
04 0.58375 0.91625 0.02999509803921563 0.032495098039215686
03 0.136875 0.139375 0.011206896551724133 0.028706896551724148
19 0.82125 0.524375 0.04497844827586217 0.036228448275862024
10 0.341875 0.24625 0.03863636363636358 0.027386363636363653
20 0.87375 0.72875 0.029985795454545272 0.027485795454545325
10 0.27312499999999995 0.9581249999999999 0.03371951219512198 0.026219512195121975
