02 0.31437499999999996 0.48062499999999997 0.0337335526315789 0.028733552631578896
11 0.836875 0.066875 0.038741610738254884 0.031241610738255043
03 0.6675 0.21437499999999998 0.024956896551724173 0.046206896551724136
18 0.41000000000000003 0.268125 0.02249444444444454 0.023744444444444457
10 0.44125000000000003 0.925 0.029988095238095258 0.027488095238095145
15 0.35750000000000004 0.120625 0.03249297752808983 0.03874297752808989
16 0.294375 0.56125 0.05374509803921568 0.034995098039215744
18 0.7037500000000001 0.943125 0.022456896551724115 0.0237068965517242
05 0.4625 0.7793749999999999 0.03747844827586205 0.018728448275862175
18 0.09562499999999999 0.7875000000000001 0.023636363636363636 0.024886363636363762
07 0.23249999999999998 0.6825 0.019985795454545457 0.03998579545454528
06 0.326875 0.7437499999999999 0.04371951219512199 0.09996951219512196
