08 0.800625 0.133125 0.04873355263157886 0.023733552631578933
13 0.025625000000000002 0.64125 0.043741610738255034 0.069991610738255
08 0.963125 0.6399999999999999 0.0237068965517242 0.032456896551724124
01 0.88625 0.225 0.019994444444444426 0.022494444444444428
14 0.375 0.21437499999999998 0.04998809523809522 0.03373809523809526
10 0.2425 0.29375 0.012492977528089866 0.012492977528089866
13 0.485625 0.371875 0.0862450980392157 0.04374509803921567
10 0.123125 0.143125 0.02870689655172412 0.01870689655172414
14 0.1525 0.381875 0.04497844827586206 0.03372844827586208
09 0.47750000000000004 0.156875 0.024886363636363595 0.031136363636363656
00 0.619375 0.33562499999999995 0.03873579545454553 0.03373579545454547
