03 0.49875 0.295625 0.09998355263157893 0.06373355263157893
18 0.353125 0.44625000000000004 0.031241610738255043 0.03249161073825507
20 0.608125 0.655625 0.0387068965517241 0.028706896551724093
03 0.9375 0.4075 0.03499444444444433 0.052494444444444455
14 0.61125 0.3475 0.07998809523809514 0.04248809523809527
14 0.884375 0.13 0.07124297752808983 0.0524929775280899
00 0.4325 0.43374999999999997 0.05499509803921565 0.047495098039215644
00 0.639375 0.50625 0.04120689655172416 0.02745689655172412
09 0.86625 0.53 0.029978448275862157 0.06497844827586202
10 0.36312500000000003 0.973125 0.03613636363636358 0.0386363636363638
