05 0.503125 0.285625 0.02123355263157889 0.053733552631578974
08 0.188125 0.485 0.03124161073825507 0.04749161073825503
12 0.27375 0.49875 0.05245689655172414 0.04745689655172414
03 0.5118750000000001 0.934375 0.03124444444444452 0.033744444444444355
00 0.308125 0.83375 0.036238095238095236 0.027488095238095145
14 0.739375 0.296875 0.046242977528089924 0.016242977528089897
18 0.476875 0.208125 0.03374509803921566 0.03624509803921569
15 0.606875 0.52125 0.01370689655172408 0.03745689655172413
14 0.428125 0.92125 0.03622844827586208 0.049978448275862286
15 0.7900284090909091 0.2175 0.029943181818181897 0.042386363636363666
13 0.255 0.9256214488636363 0.07248579545454548 0.04624289772727275
