15 0.6074999999999999 0.355 0.07998355263157897 0.0624835526315789
00 0.08687500000000001 0.900625 0.04624161073825504 0.038741610738254995
04 0.14500000000000002 0.28874999999999995 0.06245689655172412 0.044956896551724135
05 0.7718750000000001 0.816875 0.05874444444444438 0.07124444444444433
03 0.5725 0.405625 0.04248809523809527 0.06873809523809526
13 0.331875 0.085625 0.03374297752808986 0.0362429775280899
02 0.78125 0.28 0.05749509803921571 0.06499509803921572
14 0.15625 0.104375 0.07995689655172412 0.09870689655172415
02 0.35250000000000004 0.73125 0.04247844827586206 0.0799784482758622
20 0.51375 0.6425000000000001 0.059886363636363626 0.05988636363636368
04 0.763125 0.416875 0.058735795454545325 0.04873579545454543
06 0.22625 0.21437499999999998 0.21996951219512195 0.06121951219512198
06 0.9375 0.6699999999999999 0.0374821428571428 0.1774821428571428
