01 0.208125 0.97125 0.026233552631578977 0.019983552631578916
13 0.67875 0.9256249999999999 0.06499161073825488 0.06124161073825485
04 0.115625 0.5431250000000001 0.03620689655172411 0.023706896551724088
15 0.4375 0.7525 0.02499444444444454 0.05499444444444446
20 0.128125 0.0925 0.03373809523809522 0.034988095238095235
06 0.76625 0.123125 0.024992977528089932 0.08374297752808987
10 0.745 0.8325 0.02999509803921563 0.01999509803921562
04 0.913125 0.114375 0.03120689655172415 0.026206896551724146
15 0.798125 0.673125 0.026228448275862237 0.053728448275862206
18 0.21000000000000002 0.333125 0.022386363636363676 0.026136363636363624
03 0.965 0.7 0.017485795454545316 0.03248579545454533
02 0.08687500000000001 0.8512500000000001 0.03621951219512194 0.03746951219512196
13 0.13687499999999997 0.888125 0.15123214285714282 0.04123214285714283
