18 0.235 0.54375 0.014983552631578995 0.01748355263157897
06 0.9475020973154362 0.2 0.017495805369127537 0.009991610738255052
15 0.236875 0.228125 0.04120689655172416 0.01870689655172414
10 0.46187500000000004 0.92875 0.018744444444444508 0.017494444444444368
00 0.9525 0.16625 0.017488095238095136 0.01248809523809527
07 0.670625 0.85625 0.06624297752808983 0.012492977528089866
06 0.07250000000000001 0.919373774509804 0.06749509803921569 0.05124754901960782
11 0.43374999999999997 0.18875 0.019956896551724113 0.019956896551724113
06 0.515 0.288125 0.014978448275862144 0.01372844827586206
06 0.6037215909090909 0.27125 0.009943181818181768 0.02488636363636365
19 0.4875 0.565625 0.01498579545454548 0.031235795454545467
05 0.17875000000000002 0.413125 0.027469512195121976 0.016219512195121966
03 0.96625 0.469375 0.01748214285714289 0.038732142857142826
20 0.6993750000000001 0.985625 0.008737499999999954 0.011237500000000011
