15 0.59125 0.7099958881578947 0.029983552631578925 0.017491776315789465
13 0.6018749999999999 0.25625 0.05874161073825512 0.062491610738255016
11 0.25625 0.16312500000000002 0.02995689655172412 0.023706896551724116
03 0.08625000000000001 0.18375 0.04499444444444445 0.042494444444444446
18 0.87375 0.558125 0.019988095238095083 0.021238095238095278
10 0.709375 0.875625 0.016242977528089897 0.016242977528089897
03 0.621875 0.7975 0.02624509803921571 0.024995098039215735
10 0.635625 0.350625 0.026206896551724146 0.02120689655172414
15 0.15187499999999998 0.43374999999999997 0.03372844827586205 0.03747844827586205
08 0.74875 0.57125 0.04238636363636372 0.022386363636363593
03 0.574375 0.51125 0.07373579545454545 0.02998579545454544
04 0.7437499999999999 0.323125 0.027469512195121948 0.03121951219512198
12 0.47125 0.311875 0.0374821428571428 0.04123214285714283
08 0.8574999999999999 0.276875 0.039987499999999954 0.016237500000000016
