18 0.035625000000000004 0.143125 0.03373355263157895 0.03623355263157893
14 0.823125 0.5225 0.02374161073825487 0.12499161073825504
11 0.88 0.49812500000000004 0.04745689655172414 0.041206896551724104
03 0.17312499999999997 0.928125 0.04874444444444445 0.0362444444444443
06 0.736875 0.964375 0.03373809523809512 0.03623809523809518
15 0.796875 0.875 0.046242977528089924 0.07499297752808975
12 0.29500000000000004 0.12187500000000001 0.09749509803921569 0.0637450980392157
14 0.859375 0.47875 0.0237068965517242 0.04995689655172414
07 0.725625 0.5487500000000001 0.0437284482758622 0.012478448275862086
01 0.440625 0.69625 0.026136363636363624 0.022386363636363704
11 0.35750000000000004 0.4425 0.04498579545454545 0.037485795454545445
20 0.875 0.744375 0.039969512195122014 0.026219512195121975
05 0.255 0.6375 0.027482142857142816 0.05498214285714276
