02 0.39437500000000003 0.4325 0.12123355263157892 0.03248355263157887
13 0.208125 0.650625 0.03874161073825505 0.07374161073825503
04 0.824375 0.89625 0.028706896551724093 0.019956896551724057
18 0.71625 0.985 0.017494444444444368 0.019994444444444426
03 0.51625 0.03 0.024988095238095198 0.049988095238095234
15 0.196875 0.13375 0.01624297752808984 0.02249297752808989
10 0.5762499999999999 0.43437499999999996 0.032495098039215686 0.023745098039215706
08 0.566875 0.9725 0.016206896551724137 0.02745689655172412
01 0.6412500000000001 0.7875 0.02747844827586221 0.02997844827586227
16 0.749375 0.3025 0.028636363636363793 0.04238636363636361
03 0.91875 0.844375 0.019985795454545374 0.0287357954545453
00 0.47 0.5137499999999999 0.024969512195121946 0.022469512195122054
14 0.56875 0.6856249999999999 0.01748214285714278 0.033732142857142766
01 0.426875 0.359375 0.02123750000000002 0.02123750000000002
