06 0.48 0.140625 0.07248355263157896 0.04373355263157895
20 0.475625 0.780625 0.02624161073825504 0.02374161073825487
04 0.7424999999999999 0.12625 0.022456896551724115 0.024956896551724117
04 0.784375 0.37812500000000004 0.026244444444444404 0.018744444444444508
15 0.28312499999999996 0.38375000000000004 0.008738095238095267 0.022488095238095307
11 0.211875 0.6268750000000001 0.03374297752808986 0.026242977528089795
06 0.770625 0.6893750000000001 0.056245098039215735 0.02374509803921565
03 0.12498922413793104 0.384375 0.02997844827586206 0.023706896551724144
17 0.370625 0.975 0.031228448275862075 0.03497844827586216
13 0.205625 0.331875 0.008636363636363664 0.026136363636363624
