13 0.7124999999999999 0.438125 0.0724835526315789 0.1012335526315789
05 0.816875 0.359375 0.04124161073825494 0.03624161073825505
04 0.63 0.701875 0.049956896551724084 0.028706896551724093
13 0.296875 0.10625 0.09374444444444446 0.019994444444444454
07 0.041875 0.600625 0.018738095238095234 0.13123809523809515
11 0.47125 0.88125 0.03749297752808989 0.029992977528089826
03 0.983125 0.543125 0.02374509803921565 0.06874509803921569
00 0.520625 0.421875 0.03370689655172421 0.02120689655172414
03 0.070625 0.58 0.03122844827586206 0.039978448275862055
03 0.5818749999999999 0.26 0.043636363636363584 0.022386363636363704
