11 0.338125 0.8025 0.038733552631578905 0.03248355263157898
10 0.905 0.17375000000000002 0.0274916107382549 0.022491610738255036
18 0.35125 0.19 0.019956896551724168 0.022456896551724115
15 0.869375 0.72 0.008744444444444444 0.03499444444444433
15 0.30125 0.019374999999999996 0.027488095238095256 0.023738095238095235
09 0.65125 0.0675 0.024992977528089932 0.03249297752808989
03 0.438125 0.7406250000000001 0.023745098039215706 0.021245098039215704
12 0.07375 0.736875 0.054956896551724144 0.03870689655172421
12 0.5675 0.5606249999999999 0.03247844827586199 0.036228448275862024
05 0.22125 0.22999999999999998 0.03488636363636366 0.02488636363636368
