03 0.54625 0.9068750000000001 0.017483552631578858 0.02123355263157889
02 0.536875 0.3525 0.02624161073825504 0.01999161073825506
19 0.48125 0.334375 0.02745689655172412 0.016206896551724137
01 0.23125 0.90375 0.014994444444444421 0.012494444444444253
05 0.894375 0.6456249999999999 0.018750000000000044 0.016238095238095274
09 0.15375 0.64625 0.014992977528089868 0.03249297752808977
15 0.3875 0.8868750000000001 0.017495098039215673 0.021245098039215704
03 0.9337500000000001 0.66125 0.04495689655172408 0.029956896551724066
18 0.674375 0.7206250000000001 0.013728448275862282 0.01622844827586223
03 0.33499999999999996 0.56 0.03238636363636366 0.029886363636363655
