06 0.32999999999999996 0.271875 0.022483552631578918 0.01623355263157894
07 0.7281249999999999 0.473125 0.038741610738254884 0.04624161073825506
11 0.13375 0.673125 0.027456896551724133 0.02120689655172414
03 0.349375 0.589375 0.0762444444444445 0.03874444444444447
15 0.6231249999999999 0.47875 0.03873809523809524 0.019988095238095305
15 0.8275 0.334375 0.024992977528089932 0.013742977528089895
10 0.89 0.11750000000000001 0.01999509803921562 0.019995098039215703
07 0.09375 0.776875 0.06995689655172413 0.0237068965517242
03 0.7725 0.9512499999999999 0.06247844827586224 0.01997844827586215
03 0.249375 0.0625 0.041136363636363665 0.08238636363636365
20 0.026874999999999996 0.22 0.03623579545454545 0.037485795454545445
18 0.15937500000000002 0.359375 0.02121951219512197 0.023719512195122028
04 0.0675 0.341875 0.029982142857142853 0.02123214285714281
08 0.8668750000000001 0.255625 0.03373750000000009 0.033737499999999976
