03 0.24 0.27625 0.09248355263157901 0.07248355263157899
11 0.850625 0.646875 0.09374161073825493 0.08874161073825504
14 0.396875 0.54625 0.13370689655172413 0.07745689655172416
13 0.6131249999999999 0.88625 0.21124444444444446 0.07499444444444436
11 0.113125 0.169375 0.10123809523809524 0.058738095238095256
14 0.60375 0.1225 0.0474929775280899 0.07749297752808988
19 0.45687500000000003 0.151875 0.0762450980392157 0.0762450980392157
11 0.130625 0.236875 0.08870689655172413 0.07370689655172413
18 0.4525 0.401875 0.05997844827586207 0.061228448275862046
00 0.6825 0.1825 0.08738636363636365 0.08488636363636368
14 0.424375 0.275625 0.11873579545454549 0.05373579545454546
