20 0.9425 0.4225 0.05498355263157895 0.037483552631578876
18 0.9612499999999999 0.399375 0.03999161073825486 0.04124161073825505
11 0.6275 0.11624999999999999 0.057456896551724035 0.05745689655172413
03 0.25687499999999996 0.893125 0.0812444444444444 0.1612444444444444
12 0.7275 0.280625 0.10498809523809516 0.08873809523809528
03 0.8768750000000001 0.735625 0.06874297752808978 0.03374297752808986
04 0.45375 0.06625 0.05999509803921571 0.062495098039215685
06 0.40625 0.6481250000000001 0.21995689655172418 0.08870689655172403
13 0.49124999999999996 0.7225 0.08997844827586204 0.23747844827586206
06 0.846875 0.064375 0.05613636363636376 0.016136363636363643
20 0.041874999999999996 0.22812499999999997 0.04373579545454545 0.04623579545454545
16 0.92875 0.92625 0.08996951219512195 0.09496951219512195
02 0.850625 0.113125 0.11373214285714284 0.06123214285714286
