06 0.40937500000000004 0.59125 0.048733552631578914 0.047483552631578996
04 0.7949999999999999 0.525625 0.017491610738254892 0.02624161073825504
05 0.245625 0.46562499999999996 0.028706896551724148 0.01870689655172414
12 0.97375 0.25687499999999996 0.03499444444444433 0.048744444444444424
18 0.20750000000000002 0.8656250000000001 0.01248809523809527 0.013738095238095105
07 0.6100000000000001 0.40625 0.022492977528089875 0.0674929775280898
06 0.259375 0.37 0.0487450980392157 0.07249509803921572
07 0.198125 0.401239224137931 0.046206896551724136 0.03247844827586205
16 0.395625 0.354375 0.036228448275862024 0.028728448275862073
02 0.801875 0.768125 0.023636363636363678 0.028636363636363682
10 0.768125 0.879375 0.0187357954545454 0.013735795454545396
03 0.40437500000000004 0.14125 0.018719512195121968 0.03746951219512194
14 0.12375 0.34625 0.014982142857142874 0.029982142857142846
