02 0.5275000000000001 0.8525 0.04998355263157894 0.05248355263157889
01 0.5875020973154362 0.463125 0.009995805369127586 0.008741610738255079
02 0.036875000000000005 0.38 0.031206896551724143 0.04245689655172413
06 0.14625 0.94625 0.03249444444444444 0.07749444444444442
04 0.051250000000000004 0.685625 0.024988095238095233 0.01873809523809511
10 0.07874999999999999 0.34562499999999996 0.02249297752808989 0.021242977528089846
11 0.7693749999999999 0.504375 0.02374509803921565 0.02624509803921571
19 0.205625 0.599375 0.026206896551724146 0.0237068965517242
03 0.578125 0.4675 0.11622844827586198 0.05497844827586201
15 0.33125 0.575625 0.00738636363636358 0.026136363636363513
06 0.5774964488636364 0.44062500000000004 0.0699928977272728 0.08123579545454546
06 0.795625 0.5125 0.03121951219512198 0.014969512195121992
12 0.5825 0.955 0.05498214285714287 0.057482142857142815
10 0.311875 0.33999999999999997 0.026237500000000025 0.01998749999999999
