19 0.9275 0.6425000000000001 0.014983552631578911 0.027483552631578978
03 0.4 0.22125 0.019991610738255006 0.024991610738255066
20 0.65625 0.52125 0.019956896551724057 0.014956896551724164
18 0.41000000000000003 0.49750000000000005 0.014994444444444477 0.017494444444444535
09 0.473125 0.24812499999999998 0.026238095238095283 0.026238095238095255
09 0.05375 0.148125 0.02249297752808989 0.03624297752808989
11 0.39125 0.596875 0.02499509803921568 0.02374509803921565
03 0.07749999999999999 0.9468749999999999 0.029956896551724135 0.02120689655172414
16 0.71625 0.21375 0.0174784482758622 0.03747844827586205
11 0.329375 0.24125000000000002 0.023636363636363622 0.017386363636363672
04 0.11875 0.699375 0.022485795454545474 0.016235795454545343
04 0.149375 0.96375 0.03371951219512198 0.022469512195121943
18 0.9299999999999999 0.10125 0.01748214285714289 0.01998214285714288
12 0.550625 0.62625 0.04123750000000004 0.039987500000000065
