11 0.0675 0.55625 0.049983552631578956 0.03498355263157893
14 0.82125 0.12125 0.04749161073825492 0.06249161073825504
00 0.8725 0.7225 0.05495689655172409 0.04745689655172414
04 0.215625 0.6643749999999999 0.058744444444444405 0.02874444444444435
08 0.7875000000000001 0.233125 0.034988095238095096 0.06123809523809526
02 0.36875 0.8987499999999999 0.04249297752808984 0.0674929775280898
00 0.6268750000000001 0.933125 0.05124509803921573 0.03624509803921572
15 0.8018749999999999 0.635 0.06370689655172412 0.04245689655172413
11 0.730625 0.914375 0.06622844827586216 0.0437284482758622
08 0.4275 0.15812500000000002 0.01988636363636359 0.06613636363636366
01 0.406875 0.15749999999999997 0.038735795454545474 0.03248579545454547
