16 0.7293750000000001 0.706875 0.04123355263157891 0.05623355263157892
02 0.78 0.146875 0.0274916107382549 0.05124161073825506
03 0.7949999999999999 0.62625 0.10245689655172419 0.10245689655172407
06 0.1425 0.77875 0.11749444444444444 0.05999444444444435
18 0.38687499999999997 0.549375 0.02373809523809528 0.026238095238095283
15 0.268125 0.106875 0.04624297752808984 0.04624297752808988
08 0.624375 0.051875000000000004 0.018745098039215646 0.03374509803921569
14 0.605 0.718125 0.024956896551724173 0.061206896551724066
13 0.27875 0.12875 0.06747844827586205 0.03247844827586206
12 0.5925 0.8825000000000001 0.06488636363636358 0.05488636363636379
00 0.7675 0.10250000000000001 0.037485795454545334 0.03998579545454546
03 0.595 0.27937500000000004 0.04996951219512202 0.04371951219512199
12 0.6475 0.6368750000000001 0.06998214285714288 0.061232142857142846
04 0.33375 0.7075 0.04248750000000001 0.03498749999999995
