14 0.6993750000000001 0.243125 0.05373355263157886 0.05123355263157897
13 0.46625 0.745 0.03749161073825502 0.07249161073825494
07 0.808114224137931 0.7175 0.028728448275862073 0.11245689655172408
04 0.23312500000000003 0.47125 0.03624444444444444 0.02499444444444454
03 0.7093750000000001 0.81125 0.021238095238095167 0.034988095238095096
19 0.836875 0.3075 0.018742977528089844 0.04249297752808989
06 0.24437499999999998 0.4075 0.05624509803921568 0.08249509803921568
04 0.631875 0.483125 0.0337068965517241 0.021206896551724086
06 0.744375 0.8756250000000001 0.028728448275862295 0.028728448275862184
14 0.14500000000000002 0.174375 0.037386363636363634 0.028636363636363682
