11 0.044375 0.481875 0.02123355263157895 0.02873355263157895
11 0.35125 0.55625 0.02999161073825507 0.017491610738255003
01 0.071875 0.08312499999999999 0.013706896551724149 0.016206896551724137
07 0.9412513888888889 0.906875 0.03249722222222218 0.026244444444444293
07 0.4375 0.06875 0.029988095238095314 0.03248809523809524
09 0.080625 0.8556250000000001 0.013742977528089895 0.03374297752808986
06 0.780625 0.538125 0.09624509803921577 0.021245098039215704
18 0.9412499999999999 0.30125 0.019956896551724168 0.022456896551724115
06 0.941875 0.70125 0.08122844827586218 0.012478448275862197
02 0.055625 0.28312499999999996 0.04613636363636363 0.05863636363636365
03 0.62 0.44 0.012485795454545423 0.03248579545454544
04 0.259375 0.028749999999999998 0.03371951219512198 0.024969512195121946
15 0.110625 0.689375 0.031232142857142875 0.026232142857142815
