10 0.6331249999999999 0.889375 0.023733552631578836 0.023733552631578947
13 0.314375 0.905 0.056241610738255066 0.022491610738254897
14 0.981875 0.07375 0.02120689655172414 0.014956896551724136
12 0.05812500000000001 0.86375 0.046244444444444456 0.05999444444444435
13 0.6243749999999999 0.046875 0.03873809523809524 0.06623809523809523
20 0.580625 0.650625 0.023742977528089848 0.018742977528089844
18 0.22 0.7175 0.017495098039215673 0.01999509803921573
16 0.365625 0.47125 0.04370689655172416 0.024956896551724173
10 0.665625 0.72625 0.02372844827586218 0.022478448275862206
07 0.27249999999999996 0.07 0.05738636363636368 0.02738636363636364
14 0.91875 0.15625 0.04748579545454534 0.04498579545454545
07 0.176875 0.37625 0.013719512195121963 0.05996951219512198
07 0.0525 0.628125 0.02998214285714286 0.023732142857142757
03 0.5549999999999999 0.64 0.01748749999999999 0.022487499999999994
