06 0.19 0.0325 0.01748355263157897 0.024983552631578948
03 0.7225 0.334375 0.032491610738254906 0.02124161073825509
12 0.830625 0.20875 0.04120689655172416 0.03995689655172413
15 0.691875 0.411875 0.05374444444444437 0.04124444444444453
07 0.929375 0.71875 0.048738095238095136 0.09998809523809515
18 0.079375 0.583125 0.0187429775280899 0.02124297752808979
01 0.5875 0.18062499999999998 0.027495098039215682 0.02624509803921568
13 0.73125 0.84625 0.08995689655172412 0.0649568965517241
15 0.6581250000000001 0.158125 0.01622844827586223 0.016228448275862062
10 0.855 0.3425 0.029886363636363766 0.02238636363636365
04 0.069375 0.6375 0.03373579545454545 0.029985795454545383
00 0.875625 0.2175 0.028719512195122032 0.019969512195121997
