13 0.7093750000000001 0.46499999999999997 0.05373355263157886 0.03748355263157893
04 0.32 0.393125 0.03249161073825502 0.02624161073825504
03 0.54625 0.17812499999999998 0.029956896551724066 0.03620689655172413
15 0.035 0.420625 0.01249444444444444 0.07874444444444445
04 0.434375 0.9081250000000001 0.031238095238095287 0.023738095238095114
02 0.691875 0.571875 0.018742977528089844 0.04124297752808981
02 0.528125 0.531875 0.031245098039215713 0.056245098039215735
20 0.32437499999999997 0.34187500000000004 0.01620689655172408 0.013706896551724135
10 0.39437500000000003 0.775625 0.028728448275862017 0.016228448275862117
12 0.6025 0.7437499999999999 0.0323863636363636 0.03488636363636377
13 0.185 0.383125 0.05248579545454546 0.06873579545454545
