03 0.12875 0.020625 0.03498355263157894 0.031233552631578947
04 0.09062500000000001 0.9706250000000001 0.03374161073825503 0.02374161073825498
13 0.4425 0.673125 0.03995689655172413 0.06120689655172418
04 0.693125 0.41874999999999996 0.02874444444444435 0.01999444444444448
20 0.174375 0.62625 0.021238095238095278 0.02248809523809525
04 0.9256249999999999 0.920625 0.026242977528089795 0.018742977528089844
07 0.576875 0.71375 0.03624509803921572 0.04499509803921575
08 0.5449999999999999 0.70625 0.022456896551724115 0.03495689655172407
14 0.485 0.76875 0.034978448275862106 0.03497844827586227
15 0.139375 0.4 0.03113636363636363 0.034886363636363604
