04 0.06249999999999999 0.7506250000000001 0.03998355263157895 0.031233552631578898
04 0.96 0.395 0.03999161073825486 0.03499161073825502
14 0.78625 0.36124999999999996 0.04495689655172419 0.04995689655172414
03 0.29000000000000004 0.515625 0.06499444444444447 0.018744444444444452
03 0.06125 0.67125 0.04498809523809524 0.027488095238095145
13 0.41812499999999997 0.318125 0.0762429775280899 0.05624297752808982
20 0.85625 0.253125 0.03499509803921563 0.03624509803921569
12 0.240625 0.1225 0.04370689655172416 0.049956896551724125
17 0.66 0.860625 0.042478448275862224 0.0487284482758622
01 0.596875 0.241875 0.03613636363636352 0.033636363636363686
13 0.900625 0.42375 0.05373579545454532 0.09998579545454545
13 0.639375 0.34375 0.061219512195122006 0.03246951219512195
20 0.113125 0.23312500000000003 0.03873214285714288 0.03623214285714285
03 0.443125 0.079375 0.026237500000000025 0.08623750000000002
