06 0.8206249999999999 0.89375 0.006233552631578987 0.08498355263157886
13 0.75 0.6499999999999999 0.0374916107382548 0.06249161073825504
03 0.21625 0.593125 0.024956896551724117 0.036206896551724155
14 0.983125 0.891875 0.023744444444444346 0.061244444444444324
10 0.731875 0.03875 0.031238095238095176 0.019988095238095235
03 0.919375 0.8525 0.03124297752808991 0.019992977528089817
13 0.44437499999999996 0.70875 0.02874509803921571 0.04499509803921575
12 0.276875 0.34125 0.041206896551724104 0.04495689655172408
14 0.8087500000000001 0.66 0.02747844827586221 0.05247844827586223
01 0.5625 0.62875 0.022386363636363704 0.01738636363636359
10 0.59375 0.6737500000000001 0.02498579545454538 0.019985795454545374
