14 0.746875 0.566875 0.018733552631578942 0.013733552631578938
20 0.238125 0.73125 0.021241610738255035 0.01999161073825484
18 0.18875 0.2975 0.014956896551724108 0.01745689655172411
20 0.1525 0.455625 0.027494444444444432 0.023744444444444457
05 0.05937202380952381 0.69125 0.02124404761904762 0.02998809523809509
16 0.374375 0.7506250000000001 0.021242977528089846 0.03374297752808986
07 0.423125 0.184375 0.033745098039215715 0.016245098039215672
03 0.650625 0.404375 0.01370689655172419 0.011206896551724133
05 0.575625 0.55625 0.016228448275862006 0.029978448275862046
20 0.389375 0.13375 0.023636363636363622 0.017386363636363644
