06 0.070625 0.5 0.053733552631578946 0.017483552631578858
04 0.575625 0.711875 0.02624161073825515 0.018741610738254866
10 0.549375 0.139375 0.011206896551724133 0.013706896551724135
02 0.27437500000000004 0.160625 0.02624444444444446 0.023744444444444457
15 0.950625 0.175 0.021238095238095167 0.04998809523809525
08 0.168125 0.71625 0.03874297752808986 0.027492977528089768
06 0.6225 0.86625 0.017495098039215784 0.024995098039215624
18 0.149375 0.600625 0.013706896551724135 0.016206896551724137
03 0.276875 0.9281196120689655 0.05372844827586204 0.028739224137931174
14 0.63375 0.03125 0.027386363636363598 0.02738636363636364
01 0.1225 0.6675 0.01748579545454547 0.017485795454545316
