01 0.146875 0.848125 0.01623355263157894 0.013733552631578938
01 0.6950000000000001 0.830625 0.00999161073825483 0.011241610738254804
10 0.042499999999999996 0.329375 0.014956896551724143 0.013706896551724135
16 0.291875 0.2125 0.016244444444444395 0.029994444444444435
02 0.11875 0.329375 0.014988095238095231 0.016238095238095218
20 0.99125 0.724375 0.014992977528089813 0.01374297752808984
15 0.80125 0.30937499999999996 0.009995098039215722 0.023745098039215706
12 0.321875 0.05499999999999999 0.016206896551724137 0.029956896551724142
09 0.895 0.063125 0.01997844827586226 0.016228448275862062
03 0.5956250000000001 0.478125 0.043636363636363584 0.018636363636363618
18 0.13874999999999998 0.26749999999999996 0.014985795454545453 0.017485795454545483
06 0.541875 0.66125 0.0662195121951219 0.04496951219512191
13 0.4337544642857143 0.849375 0.034991071428571385 0.03123214285714282
