01 0.48624999999999996 0.8525 0.034983552631578874 0.03498355263157893
08 0.5562499999999999 0.1 0.052491610738255035 0.017491610738255045
18 0.175625 0.6481250000000001 0.023706896551724144 0.026206896551724035
12 0.6556249999999999 0.4475 0.04624444444444442 0.05499444444444451
14 0.833125 0.184375 0.041238095238095074 0.04373809523809527
17 0.9275 0.88 0.03749297752808989 0.039992977528089835
00 0.203125 0.5475 0.041245098039215666 0.034995098039215744
05 0.630625 0.406875 0.036206896551724155 0.01870689655172414
03 0.149375 0.49124999999999996 0.09122844827586207 0.029978448275862046
05 0.439375 0.47562499999999996 0.03863636363636358 0.023636363636363622
06 0.28375 0.31062144886363635 0.06248579545454547 0.021242897727272725
00 0.731875 0.8200000000000001 0.023719512195122028 0.022469512195122054
00 0.9624999999999999 0.388125 0.03248214285714279 0.03373214285714288
15 0.8425 0.07875000000000001 0.029987500000000056 0.052487500000000006
