00 0.588125 0.643125 0.033733552631578956 0.033733552631578845
13 0.226875 0.544375 0.04624161073825506 0.031241610738255043
06 0.54 0.8 0.029956896551724177 0.05245689655172414
03 0.721875 0.26375 0.026244444444444404 0.03499444444444441
08 0.26312797619047623 0.94875 0.023744047619047637 0.027488095238095145
03 0.94625 0.573125 0.03499297752808983 0.05624297752808993
19 0.9137500000000001 0.340625 0.02999509803921574 0.04124509803921572
03 0.923125 0.14125 0.04870689655172411 0.04495689655172412
14 0.32938038793103447 0.775 0.05623922413793103 0.03497844827586216
03 0.20124999999999998 0.10875 0.03988636363636369 0.03238636363636363
00 0.8975 0.80875 0.037485795454545334 0.03998579545454528
18 0.41874999999999996 0.9706250000000001 0.022469512195122 0.023719512195122028
02 0.86875 0.87 0.06998214285714277 0.05248214285714292
