01 0.634375 0.7637499999999999 0.026233552631578894 0.022483552631578863
04 0.8225 0.03375 0.02999161073825496 0.03499161073825503
11 0.7987500000000001 0.470625 0.02495689655172406 0.02120689655172414
01 0.205 0.8512500000000001 0.022494444444444428 0.02249444444444426
14 0.7462500000000001 0.971875 0.044988095238095105 0.02623809523809506
03 0.1875 0.7737499999999999 0.019992977528089872 0.02499297752808982
13 0.380625 0.659375 0.06874509803921569 0.04874509803921567
13 0.170625 0.21875 0.05870689655172412 0.09995689655172413
13 0.815625 0.23875 0.046228448275862255 0.052478448275862066
20 0.5818749999999999 0.13624999999999998 0.02113636363636362 0.017386363636363616
03 0.89375 0.27437500000000004 0.02248579545454532 0.013735795454545452
06 0.875 0.451875 0.01746951219512205 0.07871951219512202
14 0.406875 0.306875 0.02123214285714281 0.018732142857142864
