04 0.7637499999999999 0.280625 0.022483552631578863 0.016233552631578996
14 0.349375 0.103125 0.03624161073825505 0.02124161073825505
10 0.8200000000000001 0.589375 0.01745689655172422 0.018706896551724084
04 0.5825 0.6625 0.022494444444444484 0.01499444444444431
11 0.3725 0.09 0.019988095238095305 0.017488095238095233
05 0.781875 0.094375 0.02124297752808979 0.013742977528089895
03 0.814375 0.53 0.03624509803921572 0.027495098039215682
09 0.27625 0.11937500000000001 0.03995689655172413 0.016206896551724137
03 0.91625 0.243125 0.022478448275862206 0.021228448275862066
08 0.049375 0.678125 0.028636363636363633 0.02113636363636373
01 0.936875 0.97375 0.008735795454545281 0.007485795454545308
06 0.5775 0.8456173780487805 0.04496951219512191 0.02123475609756098
15 0.36624999999999996 0.419375 0.034982142857142795 0.028732142857142873
