16 0.41000000000000003 0.40437500000000004 0.02998355263157887 0.02373355263157889
15 0.31875 0.511875 0.027491610738255068 0.02624161073825504
14 0.400625 0.6625 0.016206896551724137 0.029956896551724066
05 0.275 0.201875 0.014994444444444421 0.03624444444444441
12 0.48875 0.10875 0.04498809523809527 0.02998809523809523
03 0.35125 0.9624999999999999 0.01749297752808987 0.032492977528089884
15 0.39437500000000003 0.6125 0.013745098039215697 0.04999509803921576
14 0.983125 0.27375 0.03120689655172415 0.014956896551724164
20 0.44125000000000003 0.33 0.009978448275862084 0.012478448275862086
01 0.26 0.443125 0.009886363636363638 0.011136363636363611
14 0.19874999999999998 0.234375 0.03748579545454547 0.018735795454545456
