09 0.265 0.581875 0.02998355263157898 0.023733552631578947
08 0.159375 0.96 0.021241610738255062 0.04499161073825497
08 0.04000000000000001 0.19187500000000002 0.042456896551724146 0.01870689655172411
08 0.18 0.610625 0.02499444444444443 0.043744444444444475
14 0.2875 0.5487500000000001 0.014988095238095245 0.029988095238095203
06 0.88125 0.39249999999999996 0.009992977528089808 0.03749297752808983
15 0.39937500000000004 0.549375 0.031245098039215657 0.01624509803921559
15 0.314375 0.9450000000000001 0.02120689655172414 0.014956896551724053
20 0.08875 0.94875 0.01497844827586206 0.012478448275862197
12 0.933125 0.4225 0.033636363636363686 0.05238636363636362
