01 0.449375 0.42375 0.031233552631578898 0.019983552631578916
18 0.19 0.5800000000000001 0.01999161073825506 0.022491610738255008
18 0.58875 0.256875 0.019956896551724057 0.023706896551724116
04 0.6568750000000001 0.314375 0.02874444444444435 0.023744444444444457
13 0.869375 0.543125 0.09623809523809512 0.06373809523809526
09 0.48499824438202244 0.665625 0.024996488764044977 0.02124297752808979
16 0.428125 0.39125 0.03874509803921572 0.032495098039215686
06 0.10999999999999999 0.8025 0.07245689655172415 0.049956896551724084
04 0.5862499999999999 0.9650000000000001 0.024978448275862042 0.024978448275862264
13 0.205625 0.45999999999999996 0.05863636363636365 0.06988636363636364
08 0.6956249999999999 0.9475 0.013735795454545285 0.044985795454545396
