19 0.029375000000000002 0.94 0.03373355263157895 0.02498355263157881
17 0.5625 0.40937500000000004 0.04749161073825503 0.03874161073825505
15 0.8200000000000001 0.49875 0.022456896551724115 0.06995689655172416
05 0.704375 0.935 0.0212444444444444 0.037494444444444386
01 0.35125 0.6012500000000001 0.037488095238095265 0.02498809523809531
08 0.04687675561797753 0.76375 0.04124648876404495 0.049992977528089844
18 0.05625 0.165 0.024995098039215694 0.02499509803921568
06 0.649989224137931 0.4375 0.05997844827586207 0.08495689655172411
11 0.7987500000000001 0.88625 0.029978448275862157 0.02997844827586227
11 0.70375 0.138125 0.03488636363636366 0.02113636363636362
00 0.8975 0.67625 0.02248579545454532 0.019985795454545263
00 0.233125 0.43875 0.038719512195121986 0.024969512195121946
14 0.48749999999999993 0.895 0.044982142857142804 0.03498214285714285
05 0.039375 0.25125000000000003 0.038737499999999994 0.03248750000000003
