19 0.925 0.323125 0.022483552631578863 0.04123355263157896
00 0.36312500000000003 0.646875 0.026241610738255094 0.018741610738254977
02 0.46875 0.295625 0.05495689655172409 0.04620689655172411
18 0.723125 0.946875 0.0212444444444444 0.023744444444444346
09 0.81 0.84375 0.02248809523809514 0.03498809523809521
20 0.48875 0.060625 0.03749297752808989 0.03624297752808989
09 0.200625 0.7849999999999999 0.05624509803921568 0.042495098039215695
00 0.711875 0.301875 0.0387068965517241 0.03120689655172415
02 0.35375 0.454375 0.029978448275862046 0.06872844827586205
15 0.971875 0.353125 0.02363636363636379 0.03363636363636363
20 0.3775 0.45625 0.022485795454545432 0.02498579545454549
12 0.49875 0.15125 0.034969512195121955 0.037469512195121984
11 0.3425 0.0575 0.02998214285714279 0.027482142857142858
04 0.10875 0.16125 0.01998750000000002 0.022487499999999994
