14 0.89375 0.08124999999999999 0.0624835526315789 0.05498355263157894
08 0.8062499999999999 0.39375 0.04749161073825492 0.02999161073825507
04 0.96375 0.6825000000000001 0.029956896551724066 0.032456896551724124
02 0.39749999999999996 0.1 0.02999444444444449 0.05999444444444446
07 0.14125000000000001 0.042499999999999996 0.08498809523809525 0.034988095238095235
03 0.60375 0.06375 0.014992977528089924 0.057492977528089885
16 0.69 0.856875 0.03999509803921575 0.048745098039215784
01 0.056249999999999994 0.910625 0.02745689655172414 0.026206896551724146
07 0.306875 0.46125 0.06872844827586205 0.014978448275862033
01 0.226875 0.425 0.03613636363636366 0.037386363636363606
18 0.39749999999999996 0.97875 0.024985795454545434 0.027485795454545325
