04 0.0875 0.444375 0.03498355263157896 0.0362335526315789
12 0.93875 0.7324999999999999 0.04749161073825492 0.034991610738254963
11 0.74125 0.290625 0.02495689655172406 0.02620689655172409
12 0.88375 0.431875 0.04249444444444439 0.033744444444444466
05 0.738125 0.925 0.03873809523809513 0.019988095238095194
00 0.476875 0.334375 0.028742977528089853 0.023742977528089848
03 0.051875000000000004 0.6131249999999999 0.026245098039215688 0.031245098039215713
15 0.45125 0.833125 0.02745689655172412 0.03370689655172421
06 0.84 0.8731249999999999 0.05247844827586223 0.056228448275862264
12 0.67375 0.255625 0.04238636363636372 0.04113636363636364
03 0.521875 0.266875 0.03873579545454553 0.038735795454545474
03 0.17125 0.37312500000000004 0.017469512195121967 0.028719512195121977
09 0.188125 0.91125 0.03373214285714285 0.03498214285714285
