01 0.540625 0.64625 0.05623355263157892 0.057483552631578894
05 0.954375 0.929375 0.028741610738254875 0.07374161073825491
10 0.576875 0.19125 0.0387068965517241 0.022456896551724115
07 0.2875 0.12062500000000001 0.034994444444444384 0.07124444444444446
13 0.73875 0.410625 0.24498809523809528 0.14623809523809528
01 0.420625 0.27 0.038742977528089806 0.024992977528089877
18 0.84125 0.224375 0.03499509803921563 0.03874509803921569
08 0.8356250000000001 0.291875 0.0337068965517241 0.026206896551724146
01 0.27937500000000004 0.494375 0.03622844827586208 0.028728448275862073
11 0.875 0.38375 0.05488636363636368 0.0323863636363636
00 0.82125 0.80125 0.0599857954545453 0.054985795454545294
