04 0.07125 0.469375 0.03248355263157895 0.02123355263157889
08 0.7818770973154363 0.761875 0.05624580536912749 0.02374161073825487
06 0.36312500000000003 0.9675 0.01870689655172414 0.039956896551724075
06 0.11687499999999998 0.5025 0.13374444444444442 0.09499444444444449
19 0.894375 0.965625 0.01873809523809511 0.041238095238095185
03 0.5881267556179776 0.4975 0.06374648876404487 0.03499297752808983
11 0.32437499999999997 0.680625 0.03624509803921566 0.02374509803921565
07 0.56125 0.109375 0.03495689655172418 0.08870689655172415
08 0.218125 0.32062500000000005 0.04372844827586206 0.021228448275862066
14 0.67 0.8625 0.03238636363636371 0.0173863636363637
01 0.42625 0.50125 0.04248579545454545 0.03248579545454544
