03 0.31124999999999997 0.42875 0.019983552631578916 0.019983552631578916
03 0.8312520973154363 0.139375 0.019995805369127484 0.02624161073825504
10 0.47375 0.92625 0.019956896551724168 0.022456896551724115
18 0.885625 0.281875 0.016244444444444284 0.018744444444444452
03 0.4 0.661875 0.022488095238095307 0.016238095238095163
10 0.569375 0.47125 0.0212429775280899 0.019992977528089817
04 0.8325 0.22 0.014995098039215726 0.01499509803921567
10 0.94875 0.224375 0.019956896551724057 0.01870689655172411
03 0.14375 0.8162499999999999 0.019978448275862065 0.02747844827586221
04 0.19 0.6368750000000001 0.027386363636363653 0.023636363636363678
