03 0.171875 0.77125 0.011233552631578991 0.029983552631578814
18 0.8075 0.22375 0.012491610738254888 0.014991610738255057
19 0.50625 0.466875 0.01745689655172411 0.02120689655172414
12 0.479375 0.204375 0.026244444444444515 0.028744444444444406
14 0.643125 0.41000000000000003 0.02623809523809517 0.029988095238095258
19 0.32125000000000004 0.6025 0.014992977528089868 0.02499297752808982
11 0.81875 0.6012500000000001 0.024995098039215735 0.017495098039215784
00 0.68625 0.48875 0.02745689655172412 0.01745689655172411
03 0.37124999999999997 0.253125 0.027478448275862044 0.01372844827586206
19 0.685 0.7362500000000001 0.029886363636363655 0.024886363636363762
06 0.971875 0.389375 0.011235795454545339 0.06123579545454544
03 0.8725 0.798125 0.022469512195122054 0.04621951219512199
20 0.33625000000000005 0.7381249999999999 0.01248214285714283 0.011232142857142802
