09 0.705625 0.72875 0.031233552631578898 0.017483552631578858
08 0.906875 0.380625 0.03374161073825488 0.02874161073825504
05 0.64125 0.834375 0.019956896551724057 0.028706896551724093
13 0.44375 0.34125000000000005 0.08999444444444449 0.062494444444444464
15 0.538125 0.59375 0.013738095238095327 0.02248809523809525
15 0.26625 0.97875 0.012492977528089866 0.009992977528089808
07 0.50875 0.239375 0.024995098039215624 0.02624509803921571
01 0.330625 0.5525 0.01370689655172408 0.012456896551724217
04 0.309375 0.339375 0.018728448275862064 0.02372844827586207
14 0.53 0.6412500000000001 0.022386363636363593 0.02738636363636371
12 0.22875 0.6268750000000001 0.02248579545454546 0.02873579545454552
09 0.35125 0.86875 0.01746951219512194 0.022469512195121943
07 0.18312053571428571 0.86625 0.026241071428571405 0.06998214285714288
