03 0.49 0.733125 0.01248355263157891 0.026233552631578894
03 0.379375 0.9775 0.013741610738255028 0.014991610738254946
04 0.653125 0.1875 0.02120689655172414 0.014956896551724108
08 0.619375 0.984375 0.02124444444444451 0.013744444444444337
00 0.82375 0.73875 0.01498809523809519 0.012488095238095132
04 0.781875 0.41625 0.02124297752808979 0.012492977528089866
13 0.299375 0.899375 0.0162450980392157 0.05874509803921568
03 0.055 0.40812499999999996 0.009956896551724145 0.01870689655172414
10 0.214375 0.64625 0.016228448275862062 0.014978448275862144
09 0.204375 0.165 0.013636363636363669 0.02238636363636365
04 0.89625 0.8275 0.019985795454545263 0.019985795454545263
03 0.7743826219512195 0.121875 0.01373475609756103 0.026219512195121947
09 0.236875 0.54375 0.018732142857142836 0.0274821428571429
