04 0.609375 0.278125 0.02873355263157884 0.018733552631578942
20 0.763125 0.441875 0.03124161073825482 0.031241610738255043
03 0.303125 0.265 0.06870689655172413 0.0399568965517241
02 0.5700000000000001 0.06000000000000001 0.02499444444444443 0.044994444444444455
10 0.663125 0.71375 0.03373809523809512 0.024988095238095198
15 0.90125 0.6399999999999999 0.03499297752808994 0.022492977528089875
12 0.670625 0.248125 0.03624509803921572 0.03874509803921572
18 0.42625 0.441875 0.019956896551724113 0.023706896551724144
06 0.3250053879310345 0.3625 0.02248922413793103 0.08247844827586204
10 0.414375 0.78 0.03613636363636363 0.022386363636363704
18 0.764375 0.250625 0.01873579545454529 0.02123579545454546
04 0.9512499999999999 0.0825 0.027469512195121948 0.01996951219512194
