06 0.11187500000000002 0.34874588815789476 0.18123355263157898 0.03249177631578942
13 0.791875 0.303125 0.07874161073825481 0.36624161073825506
06 0.301875 0.860625 0.06120689655172412 0.2162068965517241
04 0.05500000000000001 0.663125 0.06249444444444445 0.03874444444444436
14 0.55625 0.22999999999999998 0.03248809523809526 0.06748809523809526
11 0.8400000000000001 0.9156249999999999 0.06249297752808991 0.06374297752808988
13 0.461875 0.71 0.08624509803921565 0.13249509803921566
20 0.06 0.89625 0.05745689655172414 0.05995689655172409
06 0.16999999999999998 0.423125 0.02497844827586207 0.0562284482758621
18 0.26 0.119375 0.04738636363636364 0.048636363636363616
03 0.8512500000000001 0.271875 0.0499857954545454 0.05873579545454549
15 0.08 0.9137500000000001 0.10746951219512195 0.07746951219512199
20 0.6637500000000001 0.426875 0.03748214285714291 0.036232142857142824
