04 0.9675 0.1875 0.037483552631578876 0.024983552631578976
03 0.680625 0.490625 0.04374161073825489 0.05874161073825501
03 0.284375 0.7975 0.04120689655172416 0.01745689655172411
01 0.6725000000000001 0.91625 0.017494444444444368 0.01499444444444431
03 0.778125 0.41374999999999995 0.07123809523809521 0.029988095238095258
06 0.973125 0.14749999999999996 0.016242977528089897 0.12749297752808986
12 0.504375 0.306875 0.046245098039215726 0.05374509803921568
12 0.175 0.21375 0.04245689655172413 0.044956896551724135
03 0.6118750000000001 0.39749999999999996 0.07622844827586217 0.03747844827586205
03 0.7324999999999999 0.770625 0.0173863636363637 0.04863636363636381
