03 0.819375 0.963125 0.02123355263157889 0.033733552631578956
02 0.415625 0.07250000000000001 0.06374161073825507 0.05999161073825504
05 0.155 0.878125 0.03995689655172413 0.0337068965517241
11 0.484375 0.93875 0.036244444444444524 0.03999444444444433
18 0.430625 0.380625 0.026238095238095283 0.028738095238095285
05 0.8418749999999999 0.28125 0.03374297752808986 0.039992977528089835
16 0.8106249999999999 0.3275 0.05374509803921568 0.03499509803921569
01 0.405 0.5375 0.02995689655172412 0.02745689655172412
07 0.106875 0.736875 0.04122844827586207 0.013728448275862282
14 0.2175 0.510625 0.017386363636363644 0.03613636363636363
11 0.721875 0.140625 0.03873579545454531 0.03373579545454547
18 0.786875 0.388125 0.023719512195121917 0.026219512195121975
12 0.6893750000000001 0.563125 0.04873214285714289 0.05873214285714279
20 0.18062499999999998 0.776875 0.026237499999999997 0.028737500000000082
