06 0.35374588815789476 0.91625 0.03249177631578942 0.08748355263157892
03 0.250625 0.433125 0.02624161073825504 0.033741610738255046
04 0.33687500000000004 0.885625 0.031206896551724095 0.02120689655172403
05 0.254375 0.900625 0.031244444444444436 0.02874444444444435
02 0.51875 0.55125 0.04498809523809527 0.019988095238095305
15 0.6637500000000001 0.5843750000000001 0.029992977528089937 0.023742977528089848
03 0.599373774509804 0.345 0.016247549019607788 0.027495098039215737
12 0.518125 0.0925 0.07370689655172413 0.054956896551724144
00 0.676875 0.02875 0.03122844827586224 0.022478448275862074
04 0.365625 0.5900000000000001 0.03363636363636363 0.0323863636363636
12 0.5075000000000001 0.88375 0.04498579545454551 0.05248579545454535
00 0.4375 0.436875 0.03246951219512195 0.023719512195121972
