03 0.690625 0.42 0.04123355263157891 0.057483552631578894
16 0.76 0.120625 0.024991610738254844 0.04874161073825503
10 0.92625 0.045625 0.024956896551724173 0.02120689655172414
15 0.465625 0.145625 0.016244444444444506 0.023744444444444457
12 0.561875 0.075625 0.05373809523809525 0.036238095238095236
08 0.77625 0.5800000000000001 0.04499297752808995 0.03749297752808978
04 0.4225 0.78375 0.032495098039215686 0.024995098039215624
10 0.6375 0.5125 0.029956896551724177 0.022456896551724115
20 0.974375 0.541875 0.021228448275862233 0.016228448275862117
03 0.41375 0.35875 0.0323863636363636 0.05238636363636362
11 0.653125 0.958125 0.031235795454545467 0.031235795454545245
03 0.585 0.48875 0.04496951219512202 0.04496951219512196
06 0.8562544642857144 0.125625 0.06499107142857141 0.051232142857142865
