18 0.0875 0.57125 0.014983552631578953 0.01748355263157897
11 0.928125 0.79 0.021241610738254924 0.022491610738254897
01 0.98125 0.5387500000000001 0.014956896551724053 0.012456896551724106
03 0.3625 0.115625 0.022494444444444484 0.02124444444444447
20 0.6287499999999999 0.868125 0.007488095238095238 0.0087380952380951
14 0.74375 0.969375 0.01749297752808987 0.03874297752808986
01 0.1325 0.57375 0.024995098039215694 0.027495098039215682
13 0.71625 0.64 0.032456896551724124 0.02745689655172412
03 0.439375 0.20374461206896552 0.028728448275862073 0.017489224137931025
03 0.485625 0.7475 0.011136363636363555 0.04238636363636383
14 0.7137500000000001 0.37625 0.02248579545454532 0.027485795454545492
