03 0.44062500000000004 0.844375 0.038733552631578905 0.09123355263157884
15 0.30562500000000004 0.556875 0.061241610738255015 0.05874161073825501
03 0.46625 0.2175 0.05495689655172409 0.057456896551724146
00 0.155 0.38875 0.052494444444444455 0.0374944444444445
03 0.429375 0.044375 0.02873809523809523 0.056238095238095226
14 0.19624999999999998 0.105625 0.19499297752808986 0.06624297752808989
11 0.22249999999999998 0.5375000000000001 0.06749509803921569 0.06499509803921566
14 0.721875 0.8075 0.08620689655172409 0.03495689655172418
04 0.148125 0.5762499999999999 0.06372844827586206 0.06247844827586213
15 0.511875 0.11812500000000001 0.0661363636363636 0.09613636363636364
14 0.43937499999999996 0.084375 0.0637357954545455 0.061235795454545466
08 0.42625 0.128125 0.06496951219512198 0.061219512195121936
