18 0.043125000000000004 0.71375 0.016233552631578954 0.017483552631578858
02 0.0925 0.685 0.014991610738255057 0.0274916107382549
19 0.8200000000000001 0.510625 0.019956896551724168 0.01370689655172419
15 0.7224999999999999 0.0062499999999999995 0.009994444444444306 0.012494444444444443
15 0.5325 0.593125 0.009988095238095296 0.041238095238095296
20 0.038125000000000006 0.063125 0.013742977528089888 0.013742977528089895
05 0.6225 0.72 0.024995098039215624 0.022495098039215677
01 0.9437500000000001 0.0925 0.00995689655172416 0.009956896551724131
03 0.195625 0.073125 0.011228448275862057 0.031228448275862068
10 0.733125 0.9781249999999999 0.02113636363636373 0.016136363636363726
