06 0.7137541118421052 0.09687499999999999 0.05499177631578944 0.08373355263157894
15 0.8406270973154363 0.369375 0.026245805369127462 0.021241610738255035
05 0.415625 0.084375 0.01870689655172414 0.03620689655172414
09 0.37124999999999997 0.040625 0.02999444444444449 0.041244444444444445
15 0.806875 0.06 0.021238095238095056 0.014988095238095238
14 0.776875 0.85875 0.036242977528089915 0.029992977528089826
01 0.35250000000000004 0.084375 0.01499509803921567 0.013745098039215684
01 0.08625 0.90125 0.03745689655172413 0.029956896551724066
10 0.37812500000000004 0.52875 0.02622844827586207 0.01997844827586215
17 0.660625 0.0975 0.04613636363636364 0.04988636363636363
