14 0.785 0.09875 0.057483552631578894 0.037483552631578945
03 0.735625 0.77125 0.02374161073825487 0.022491610738254897
03 0.09125 0.7406250000000001 0.05245689655172414 0.02120689655172414
08 0.306875 0.055624999999999994 0.033744444444444466 0.051244444444444426
02 0.861875 0.4275 0.04623809523809508 0.019988095238095305
08 0.219375 0.19624999999999998 0.06374297752808986 0.03499297752808986
09 0.808125 0.943125 0.03374509803921566 0.05124509803921562
14 0.10875 0.46125 0.032456896551724124 0.022456896551724115
20 0.41375 0.521875 0.019978448275862037 0.02122844827586201
03 0.768125 0.16562500000000002 0.028636363636363682 0.02363636363636365
03 0.22437855113636362 0.8674999999999999 0.09374289772727273 0.04748579545454523
