04 0.086875 0.07125 0.033733552631578956 0.022483552631578946
13 0.72625 0.09875 0.0849916107382549 0.11749161073825504
02 0.43062500000000004 0.923125 0.03870689655172416 0.043706896551724106
04 0.711875 0.343125 0.031244444444444297 0.02124444444444451
13 0.21187499999999998 0.206875 0.028738095238095257 0.07623809523809527
02 0.89375 0.578125 0.0674929775280898 0.026242977528089906
00 0.6793750000000001 0.5425 0.028745098039215766 0.027495098039215682
11 0.6950000000000001 0.2075 0.03495689655172407 0.034956896551724126
07 0.7475 0.56625 0.05747844827586224 0.08247844827586204
06 0.96 0.861875 0.047386363636363726 0.0961363636363638
15 0.6312499999999999 0.095 0.019985795454545374 0.042485795454545464
03 0.84375 0.581875 0.029969512195122006 0.03121951219512198
