07 0.753125 0.33124999999999993 0.07623355263157883 0.03248355263157893
18 0.333125 0.765625 0.02624161073825504 0.028741610738254986
09 0.825 0.795625 0.057456896551724146 0.05120689655172417
03 0.23062500000000002 0.7462500000000001 0.05624444444444446 0.04999444444444434
03 0.109375 0.03875 0.033738095238095234 0.06748809523809524
06 0.72875 0.5718732443820225 0.09999297752808989 0.036246488764045015
10 0.556875 0.308125 0.038745098039215664 0.02874509803921571
11 0.8125 0.179375 0.032456896551724235 0.033706896551724125
00 0.581875 0.22062500000000002 0.03122844827586202 0.026228448275862043
03 0.196875 0.8775 0.02613636363636368 0.047386363636363726
00 0.8225 0.034999999999999996 0.029985795454545272 0.029985795454545452
03 0.63625 0.7237499999999999 0.022469512195121943 0.06746951219512198
12 0.48 0.3625 0.04248214285714286 0.0424821428571428
