12 0.469375 0.670625 0.05873355263157892 0.033733552631578956
03 0.780625 0.369375 0.03374161073825488 0.06374161073825502
03 0.200625 0.030625 0.02120689655172414 0.04370689655172414
14 0.349375 0.49312500000000004 0.018744444444444508 0.036244444444444524
07 0.30937499999999996 0.65875 0.07123809523809527 0.06748809523809518
20 0.056875 0.09625 0.026242977528089892 0.019992977528089886
01 0.1175 0.53 0.022495098039215677 0.017495098039215673
15 0.698125 0.126875 0.018706896551724084 0.018706896551724125
03 0.8187500000000001 0.111875 0.007478448275862193 0.031228448275862075
03 0.545625 0.283125 0.043636363636363584 0.023636363636363678
12 0.520625 0.044375 0.04373579545454542 0.05373579545454546
