05 0.7075 0.81 0.019983552631578916 0.02498355263157881
06 0.83125 0.226875 0.024991610738254955 0.02624161073825504
18 0.159375 0.04375 0.013706896551724107 0.017456896551724145
01 0.2625 0.5974999999999999 0.029994444444444435 0.022494444444444484
01 0.780625 0.1875 0.021238095238095056 0.02248809523809525
03 0.525625 0.5431250000000001 0.01374297752808984 0.023742977528089848
14 0.33125000000000004 0.869375 0.019995098039215675 0.03374509803921577
11 0.704375 0.5675 0.023706896551724088 0.01745689655172411
10 0.22249999999999998 0.56125 0.02497844827586207 0.022478448275862095
03 0.694375 0.460625 0.026136363636363735 0.016136363636363615
14 0.6025 0.30874999999999997 0.029985795454545494 0.03498579545454544
18 0.75 0.926875 0.01746951219512205 0.02121951219512197
18 0.4475 0.5406249999999999 0.014982142857142833 0.018732142857142864
