01 0.809375 0.289375 0.016233552631578885 0.013733552631578938
05 0.24000000000000002 0.518125 0.022491610738255063 0.03374161073825499
20 0.335625 0.290625 0.023706896551724088 0.02620689655172409
05 0.43625 0.5787500000000001 0.03249444444444455 0.03249444444444449
10 0.29312499999999997 0.40812499999999996 0.026238095238095227 0.018738095238095276
16 0.6487499999999999 0.38625 0.022492977528089875 0.04499297752808984
06 0.14875 0.094375 0.03499509803921569 0.013745098039215697
08 0.284375 0.875 0.026206896551724146 0.01745689655172411
04 0.055624999999999994 0.620625 0.02372844827586206 0.018728448275862064
03 0.8006249999999999 0.838125 0.028636363636363682 0.016136363636363726
04 0.78 0.691875 0.02498579545454538 0.01873579545454529
11 0.057499999999999996 0.179375 0.03746951219512195 0.023719512195121972
03 0.92125 0.42500000000000004 0.012482142857142886 0.03248214285714285
