15 0.64375 0.248125 0.022483552631578863 0.013733552631578994
04 0.68625 0.385625 0.02999161073825496 0.023741610738255092
11 0.550625 0.47875 0.028706896551724093 0.024956896551724117
20 0.42125 0.4525 0.014994444444444477 0.012494444444444475
03 0.450625 0.10125 0.026238095238095283 0.04748809523809523
04 0.21625 0.8875 0.02749297752808985 0.022492977528089875
04 0.26749999999999996 0.985 0.019995098039215675 0.017495098039215673
04 0.025 0.588125 0.024956896551724138 0.018706896551724084
03 0.795 0.8475 0.012478448275862197 0.05247844827586223
11 0.645 0.35562499999999997 0.02488636363636365 0.02613636363636357
19 0.131875 0.6681250000000001 0.028735795454545465 0.031235795454545356
01 0.838125 0.61625 0.016219512195121966 0.014969512195121992
13 0.4325 0.44875 0.08998214285714279 0.029982142857142846
16 0.630625 0.140625 0.033737499999999976 0.03873750000000002
