03 0.915 0.11374999999999999 0.08748355263157892 0.03998355263157892
04 0.840625 0.275 0.021241610738254924 0.01749161073825506
05 0.185 0.26 0.022456896551724115 0.014956896551724164
03 0.566875 0.08937500000000001 0.013744444444444559 0.028744444444444447
08 0.835 0.6925 0.027488095238095145 0.01498809523809519
19 0.55125 0.42000000000000004 0.02749297752808988 0.019992977528089872
18 0.6837500000000001 0.685 0.009995098039215722 0.012495098039215669
10 0.3725 0.329375 0.019956896551724168 0.021206896551724086
10 0.245 0.93875 0.017478448275862063 0.01997844827586226
00 0.7875000000000001 0.3325 0.0173863636363637 0.014886363636363587
17 0.6825 0.60625 0.027485795454545325 0.019985795454545485
20 0.506875 0.336875 0.016219512195121966 0.016219512195121966
12 0.195 0.8025 0.027482142857142844 0.029982142857142846
