10 0.22125 0.854375 0.05248355263157897 0.033733552631578956
19 0.22874999999999998 0.825 0.05499161073825504 0.03999161073825486
11 0.63125 0.84375 0.04745689655172414 0.02745689655172412
12 0.52875 0.125 0.047494444444444395 0.05749444444444446
09 0.451875 0.235 0.0437380952380953 0.07748809523809527
03 0.973125 0.781875 0.036242977528089915 0.036242977528089915
02 0.246875 0.4075 0.05874509803921571 0.03749509803921569
10 0.215625 0.34562499999999996 0.033706896551724125 0.028706896551724148
10 0.589375 0.933125 0.04122844827586203 0.036228448275862135
18 0.9425 0.20375 0.02738636363636382 0.029886363636363683
01 0.7737499999999999 0.3825 0.04748579545454523 0.0399857954545455
09 0.5181250000000001 0.69875 0.053719512195122 0.04246951219512196
