04 0.778125 0.36624999999999996 0.031233552631578898 0.03248355263157893
06 0.5974999999999999 0.941875 0.09499161073825502 0.10374161073825494
09 0.44375 0.15936422413793105 0.03745689655172413 0.04372844827586206
14 0.635 0.63375 0.04999444444444434 0.03249444444444449
03 0.48062499999999997 0.026875 0.04373809523809524 0.04873809523809524
08 0.26625 0.306875 0.01749297752808987 0.03374297752808986
14 0.540625 0.6875 0.03624509803921572 0.024995098039215735
14 0.9781249999999999 0.1925 0.0337068965517241 0.03745689655172413
04 0.659375 0.46499999999999997 0.03872844827586219 0.027478448275862044
06 0.2525284090909091 0.103125 0.02994318181818184 0.10613636363636364
15 0.6212500000000001 0.05687500000000001 0.0349857954545455 0.05623579545454547
03 0.28375 0.71875 0.039969512195122014 0.05246951219512197
