14 0.6775 0.13875 0.04498355263157894 0.049983552631578956
12 0.6287499999999999 0.80375 0.0899916107382549 0.0899916107382549
01 0.85 0.241875 0.024956896551724173 0.026206896551724146
07 0.193125 0.34062500000000007 0.02374444444444443 0.07874444444444445
08 0.839375 0.585 0.05373809523809514 0.04998809523809522
13 0.6912499999999999 0.8475 0.13749297752808987 0.10249297752808983
20 0.249375 0.259375 0.03374509803921569 0.026245098039215653
13 0.39625 0.7962499999999999 0.08745689655172412 0.08495689655172411
10 0.59875 0.773125 0.042478448275862 0.0437284482758622
07 0.30125 0.35 0.04988636363636362 0.0848863636363636
03 0.37750355113636364 0.5718749999999999 0.09249289772727276 0.04623579545454548
01 0.508125 0.81 0.031219512195122034 0.027469512195121948
11 0.23875 0.47375 0.0399821428571428 0.04498214285714286
