00 0.174375 0.10625000000000001 0.028733552631578924 0.02998355263157894
12 0.7975 0.8968750000000001 0.04499161073825486 0.046241610738254946
08 0.130625 0.195625 0.031206896551724136 0.053706896551724115
01 0.70125 0.761875 0.03249444444444438 0.0212444444444444
18 0.8525 0.741875 0.024988095238095087 0.028738095238095118
11 0.485 0.943125 0.03749297752808983 0.0312429775280898
18 0.953125 0.591875 0.02624509803921571 0.02624509803921571
00 0.08562499999999999 0.2925 0.03870689655172413 0.032456896551724124
10 0.32375 0.988125 0.03497844827586205 0.021228448275862233
14 0.258125 0.450625 0.053636363636363676 0.03863636363636358
