04 0.853125 0.320625 0.026233552631578894 0.018733552631578942
16 0.04125 0.35750000000000004 0.024991610738255027 0.03499161073825502
11 0.32875 0.661875 0.022456896551724115 0.0237068965517242
16 0.049375 0.98 0.041244444444444445 0.029994444444444324
11 0.6875 0.725 0.017488095238095136 0.01498809523809519
07 0.650625 0.72375 0.026242977528089906 0.022492977528089764
12 0.55875 0.1175 0.027495098039215682 0.029995098039215684
15 0.906875 0.51875 0.036206896551724155 0.022456896551724115
00 0.328125 0.45875 0.02122844827586201 0.014978448275862033
06 0.8200000000000001 0.251875 0.047386363636363726 0.08613636363636368
03 0.8043750000000001 0.32437499999999997 0.02623579545454524 0.04123579545454542
