00 0.484375 0.459375 0.06623355263157893 0.06373355263157893
14 0.448125 0.864375 0.08874161073825504 0.046241610738254835
10 0.69375 0.294375 0.057456896551724146 0.05620689655172417
03 0.265625 0.765625 0.04124444444444442 0.05624444444444432
17 0.8425 0.08687500000000001 0.09248809523809509 0.09873809523809524
02 0.575625 0.36250000000000004 0.036242977528089804 0.07249297752808986
14 0.566875 0.590625 0.09624509803921566 0.056245098039215624
04 0.7562500000000001 0.171875 0.05495689655172409 0.05620689655172412
14 0.415625 0.530625 0.04622844827586209 0.076228448275862
10 0.128125 0.71375 0.03863636363636362 0.03238636363636371
01 0.19625 0.82875 0.05248579545454546 0.04748579545454534
