20 0.51375 0.339375 0.02498355263157892 0.018733552631578887
04 0.25625 0.041249999999999995 0.027491610738255068 0.02249161073825503
10 0.071875 0.3625 0.01870689655172414 0.01745689655172411
12 0.589375 0.38875 0.043744444444444475 0.047494444444444506
12 0.84375 0.31937499999999996 0.052488095238095056 0.03123809523809523
02 0.198125 0.404375 0.023742977528089848 0.043742977528089866
20 0.78125 0.881875 0.02249509803921579 0.018745098039215757
06 0.645625 0.7068749999999999 0.02120689655172403 0.0337068965517241
12 0.763125 0.395625 0.036228448275862246 0.03872844827586208
10 0.41500000000000004 0.86625 0.034886363636363604 0.024886363636363762
00 0.354375 0.9512499999999999 0.028735795454545465 0.029985795454545383
