05 0.754375 0.823125 0.06873355263157888 0.03873355263157885
08 0.14875 0.35124999999999995 0.03999161073825505 0.07499161073825505
09 0.72 0.29625 0.07745689655172416 0.054956896551724144
12 0.818125 0.545625 0.0837444444444444 0.07124444444444444
11 0.233125 0.87625 0.06123809523809526 0.05248809523809517
12 0.46625 0.42562500000000003 0.10499297752808989 0.11374297752808987
11 0.240625 0.638125 0.06624509803921569 0.056245098039215624
07 0.3775 0.043750000000000004 0.01745689655172411 0.08245689655172414
11 0.388125 0.49 0.05122844827586204 0.06747844827586208
03 0.816875 0.420625 0.043636363636363695 0.09363636363636357
08 0.23812499999999998 0.528125 0.04623579545454545 0.08873579545454546
15 0.284375 0.641875 0.061219512195122006 0.03121951219512198
