12 0.353125 0.8443750000000001 0.05873355263157892 0.061233552631578925
04 0.701875 0.649375 0.04874161073825489 0.031241610738255043
14 0.6843857758620691 0.635625 0.053728448275862095 0.04370689655172422
18 0.9475 0.921875 0.03249444444444438 0.0362444444444443
16 0.536875 0.6599999999999999 0.07623809523809522 0.05998809523809523
14 0.6525 0.650625 0.09999297752808989 0.061242977528089826
13 0.035625000000000004 0.821875 0.06124509803921569 0.18124509803921574
04 0.056249999999999994 0.36625 0.04995689655172413 0.05245689655172414
00 0.16375 0.27375000000000005 0.049978448275862064 0.03747844827586205
11 0.7506250000000001 0.183125 0.05613636363636376 0.05863636363636365
06 0.343125 0.346875 0.01123579545454545 0.04623579545454548
