04 0.15250000000000002 0.13875 0.029983552631578952 0.03248355263157894
18 0.8731249999999999 0.944375 0.018741610738254866 0.021241610738254924
10 0.030625 0.13375 0.02370689655172414 0.02245689655172413
07 0.146875 0.88 0.02624444444444446 0.06499444444444435
02 0.06375 0.6387499999999999 0.03248809523809523 0.04998809523809522
12 0.405 0.1725 0.05749297752808985 0.032492977528089884
13 0.404375 0.8362499999999999 0.05874509803921568 0.13999509803921562
08 0.36687499999999995 0.725625 0.01870689655172414 0.018706896551724195
17 0.6268750000000001 0.10500000000000001 0.028728448275862184 0.027478448275862058
00 0.291875 0.934375 0.021136363636363675 0.018636363636363673
06 0.315 0.510625 0.037485795454545445 0.013735795454545396
04 0.37875000000000003 0.895 0.027469512195122003 0.022469512195121943
