15 0.421875 0.1325 0.05623355263157892 0.012483552631578937
15 0.8418749999999999 0.8768750000000001 0.026241610738254928 0.04874161073825489
06 0.16812500000000002 0.74625 0.031206896551724123 0.07995689655172411
01 0.8187500000000001 0.988125 0.017494444444444368 0.01124444444444439
00 0.6231249999999999 0.71375 0.023738095238095336 0.024988095238095198
17 0.62125 0.378125 0.02749297752808988 0.03374297752808986
12 0.39625 0.073125 0.032495098039215686 0.038745098039215685
16 0.291875 0.6056250000000001 0.026206896551724146 0.04120689655172416
03 0.9118696120689656 0.46875 0.043739224137931076 0.029978448275862046
03 0.266875 0.5800000000000001 0.023636363636363622 0.03488636363636355
18 0.8175 0.48875 0.019985795454545263 0.022485795454545487
02 0.5431250000000001 0.429375 0.023719512195122028 0.05371951219512194
02 0.25625 0.0625 0.024982142857142814 0.027482142857142844
