05 0.73 0.4675 0.047483552631578885 0.042483552631578936
02 0.675 0.155625 0.05749161073825493 0.09124161073825506
10 0.67 0.231875 0.03745689655172413 0.03620689655172413
01 0.90375 0.39 0.029994444444444324 0.024994444444444486
06 0.58125 0.10375000000000001 0.04248809523809527 0.10498809523809524
03 0.27375 0.613125 0.04499297752808984 0.06874297752808989
18 0.22125 0.8687499999999999 0.029995098039215684 0.032495098039215686
00 0.10250000000000001 0.85 0.03495689655172414 0.024956896551724173
06 0.930625 0.40437500000000004 0.01372844827586217 0.048728448275862035
04 0.84375 0.86875 0.04238636363636372 0.04238636363636372
03 0.438125 0.104375 0.03623579545454547 0.026235795454545463
11 0.5237499999999999 0.14687500000000003 0.04496951219512202 0.036219512195121956
07 0.685 0.33125000000000004 0.06748214285714293 0.06498214285714282
