01 0.275 0.915625 0.014983552631578967 0.013733552631578938
12 0.5125 0.06 0.03999161073825508 0.027491610738255033
00 0.865625 0.181875 0.016206896551724137 0.016206896551724137
03 0.3075 0.135625 0.04999444444444445 0.038744444444444456
09 0.9325 0.32375 0.0399880952380951 0.037488095238095265
03 0.808125 0.051250000000000004 0.026242977528089906 0.024992977528089884
03 0.6487499999999999 0.203125 0.024995098039215624 0.023745098039215706
14 0.611875 0.721875 0.016206896551724026 0.03870689655172421
03 0.009369612068965517 0.983125 0.016239224137931035 0.028728448275862184
14 0.525625 0.37875000000000003 0.031136363636363518 0.01988636363636359
