18 0.1625 0.358125 0.024983552631578976 0.028733552631578896
05 0.35625 0.426875 0.03999161073825508 0.048741610738255
00 0.76875 0.3175 0.039956896551724186 0.034956896551724126
07 0.683125 0.17625 0.10374444444444442 0.042494444444444446
14 0.8500000000000001 0.89 0.05248809523809517 0.037488095238095154
07 0.17062675561797752 0.1325 0.04374648876404494 0.04249297752808989
11 0.5662499999999999 0.32375 0.042495098039215695 0.032495098039215686
00 0.791875 0.38625 0.026206896551724146 0.02995689655172412
10 0.155 0.21250000000000002 0.029978448275862046 0.02497844827586207
10 0.10625 0.644375 0.039886363636363636 0.03863636363636358
