10 0.3375 0.5475 0.034983552631578874 0.027483552631578867
03 0.499375 0.09250000000000001 0.12374161073825501 0.13999161073825506
18 0.454375 0.655625 0.02620689655172409 0.028706896551724093
16 0.403125 0.16624999999999998 0.053744444444444484 0.042494444444444446
08 0.21000000000000002 0.24125 0.06248809523809526 0.029988095238095258
12 0.944375 0.041249999999999995 0.04124297752808992 0.042492977528089886
14 0.469375 0.15875 0.0162450980392157 0.03749509803921569
20 0.518125 0.680625 0.0337068965517241 0.03120689655172415
11 0.159375 0.73 0.03372844827586205 0.042478448275862224
14 0.541875 0.64375 0.02113636363636351 0.03488636363636366
14 0.275625 0.025625000000000002 0.07873579545454548 0.041235795454545456
14 0.07375 0.455 0.04996951219512194 0.06246951219512198
00 0.7606250000000001 0.741875 0.04123214285714283 0.036232142857142824
