03 0.49624999999999997 0.49187499999999995 0.037483552631578876 0.03623355263157885
10 0.931875 0.14125 0.02374161073825487 0.01749161073825503
14 0.61375 0.8556250000000001 0.01745689655172411 0.02120689655172414
04 0.8425 0.424375 0.017494444444444368 0.018744444444444452
20 0.3375 0.8 0.007488095238095294 0.009988095238095185
06 0.535625 0.895625 0.0037429775280898303 0.05124297752808982
15 0.95 0.36875 0.012495098039215669 0.02499509803921568
01 0.47625 0.095 0.01745689655172411 0.017456896551724138
01 0.6643749999999999 0.30625 0.01622844827586223 0.017478448275862035
18 0.115625 0.514375 0.013636363636363627 0.016136363636363615
13 0.864375 0.7662464488636364 0.031235795454545245 0.014992897727272636
