14 0.5331250000000001 0.646875 0.12373355263157892 0.05873355263157887
03 0.07625000000000001 0.776875 0.11249161073825505 0.07874161073825492
13 0.779364224137931 0.849375 0.11872844827586204 0.06870689655172413
11 0.83125 0.625625 0.0624944444444443 0.043744444444444364
13 0.2399970238095238 0.200625 0.07249404761904765 0.056238095238095254
05 0.323125 0.25125000000000003 0.0787429775280899 0.03999297752808986
14 0.801875 0.38187499999999996 0.05374509803921579 0.043745098039215724
14 0.525 0.90625 0.10495689655172408 0.04245689655172402
06 0.10625000000000001 0.534375 0.11247844827586208 0.12872844827586205
05 0.0775 0.5974999999999999 0.039886363636363636 0.06238636363636363
12 0.734375 0.5762499999999999 0.0762357954545454 0.08748579545454549
02 0.311875 0.4325 0.08621951219512197 0.134969512195122
04 0.89125 0.765 0.04248214285714291 0.047482142857142806
13 0.55125 0.45 0.11998749999999997 0.25498750000000003
