00 0.7262500000000001 0.18625 0.05248355263157889 0.049983552631579
01 0.23249999999999998 0.8556250000000001 0.029991610738255042 0.026241610738254928
18 0.47625 0.38125 0.03745689655172413 0.03995689655172413
09 0.9456249999999999 0.16125 0.06874444444444439 0.06499444444444444
10 0.27125 0.6399999999999999 0.049988095238095304 0.04248809523809516
13 0.219375 0.51 0.13374297752808983 0.13249297752808986
11 0.5 0.9 0.054995098039215706 0.049995098039215646
03 0.276875 0.4575 0.0362068965517241 0.13245689655172416
00 0.866875 0.30874999999999997 0.053728448275862206 0.03747844827586205
08 0.206875 0.0875 0.08363636363636368 0.02988636363636364
