11 0.29312499999999997 0.855625 0.031233552631578954 0.0362335526315789
20 0.579375 0.436875 0.021241610738255035 0.021241610738255035
07 0.9499892241379311 0.33499999999999996 0.05247844827586212 0.044956896551724135
16 0.695625 0.38749999999999996 0.033744444444444355 0.05499444444444451
15 0.155 0.26249999999999996 0.027488095238095256 0.03498809523809526
07 0.768125 0.29875 0.11624297752808987 0.05499297752808985
20 0.9775 0.38375000000000004 0.022495098039215677 0.019995098039215675
01 0.4325 0.12625 0.024956896551724173 0.014956896551724122
01 0.3175 0.7618750000000001 0.04497844827586206 0.028728448275862184
07 0.8080965909090909 0.821846590909091 0.04119318181818188 0.03369318181818182
