15 0.53125 0.31 0.052483552631579 0.06998355263157896
11 0.22312500000000002 0.12812500000000002 0.04624161073825503 0.028741610738255055
09 0.3075 0.260625 0.04745689655172414 0.026206896551724146
04 0.8275 0.6656249999999999 0.0524944444444444 0.03874444444444436
06 0.738125 0.26625 0.07873809523809516 0.0699880952380953
16 0.31125 0.936875 0.0649929775280898 0.05874297752808988
16 0.286875 0.684375 0.038745098039215664 0.06874509803921569
11 0.21187499999999998 0.5900000000000001 0.046206896551724136 0.029956896551724177
00 0.8518749999999999 0.5800000000000001 0.036228448275862246 0.02747844827586199
18 0.5625 0.891875 0.03488636363636366 0.03863636363636369
14 0.21125 0.236875 0.047485795454545454 0.051235795454545485
01 0.791875 0.278125 0.028719512195122032 0.02121951219512197
