04 0.6656249999999999 0.67125 0.031233552631578898 0.02498355263157892
03 0.7887500000000001 0.756875 0.01999161073825484 0.031241610738254932
03 0.22126077586206896 0.8106249999999999 0.049978448275862064 0.053706896551724115
07 0.916875 0.12437499999999999 0.0362444444444443 0.036244444444444454
17 0.74875 0.22875 0.034988095238095096 0.03998809523809527
05 0.355 0.751875 0.03249297752808983 0.018742977528089844
06 0.643125 0.020625 0.0837450980392157 0.011245098039215688
14 0.166875 0.6275 0.026206896551724146 0.047456896551724026
10 0.49624999999999997 0.705625 0.027478448275862044 0.018728448275862175
07 0.074375 0.531875 0.06363636363636363 0.08863636363636362
05 0.34625 0.6637500000000001 0.0349857954545455 0.02248579545454532
14 0.38375000000000004 0.65125 0.04496951219512196 0.04996951219512202
04 0.2175 0.2175 0.03748214285714285 0.02498214285714284
