20 0.22562500000000002 0.8006249999999999 0.026233552631578977 0.02123355263157889
04 0.255625 0.6675 0.03874161073825508 0.02999161073825496
01 0.41125 0.46625 0.01745689655172411 0.012456896551724106
20 0.96 0.869375 0.027494444444444377 0.02874444444444435
13 0.323125 0.80875 0.06623809523809526 0.10998809523809516
01 0.915 0.770625 0.03499297752808983 0.028742977528089853
03 0.8075 0.565 0.02999509803921563 0.04999509803921576
15 0.42125 0.6018749999999999 0.034956896551724126 0.05120689655172417
05 0.190625 0.071875 0.03622844827586205 0.026228448275862064
12 0.125625 0.1125 0.041136363636363624 0.04238636363636364
12 0.06625 0.953125 0.027485795454545443 0.031235795454545245
