06 0.20375 0.86375 0.06998355263157899 0.02498355263157892
04 0.50625 0.208125 0.027491610738255012 0.023741610738255037
03 0.18 0.373125 0.009956896551724131 0.03120689655172415
03 0.905625 0.6637500000000001 0.033744444444444355 0.04249444444444428
17 0.856875 0.506875 0.02873809523809523 0.028738095238095285
03 0.6268750000000001 0.838125 0.05124297752808993 0.023742977528089848
12 0.896875 0.665625 0.02624509803921571 0.02624509803921571
14 0.30000000000000004 0.935 0.03995689655172413 0.04495689655172408
20 0.96875 0.56 0.017478448275862313 0.01997844827586215
12 0.320625 0.531875 0.03113636363636363 0.031136363636363518
06 0.47625 0.528125 0.027485795454545436 0.01123579545454545
03 0.186875 0.926875 0.04871951219512197 0.03121951219512198
08 0.018120535714285714 0.54625 0.02624107142857143 0.032482142857142904
