12 0.33499999999999996 0.66875 0.07748355263157897 0.0674835526315789
03 0.8425 0.379375 0.06499161073825488 0.061241610738255015
13 0.391875 0.7593749999999999 0.08370689655172409 0.23870689655172417
14 0.39 0.5 0.03249444444444449 0.05999444444444446
18 0.78125 0.38625 0.027488095238095145 0.029988095238095258
07 0.36187499999999995 0.6793750000000001 0.02624297752808985 0.11624297752808987
03 0.900625 0.29000000000000004 0.08874509803921571 0.02499509803921568
04 0.598125 0.730625 0.046206896551724164 0.046206896551724164
07 0.99 0.6775 0.014978448275862144 0.057478448275862126
12 0.229375 0.358125 0.05613636363636365 0.0611363636363636
03 0.534375 0.87125 0.05373579545454554 0.037485795454545334
01 0.445 0.019375000000000003 0.04496951219512202 0.031219512195121955
12 0.09312500000000001 0.9137500000000001 0.056232142857142856 0.057482142857142926
