09 0.06375 0.36875 0.01998355263157895 0.034983552631578874
13 0.761875 0.978125 0.04124161073825494 0.03374161073825488
13 0.86875 0.048125 0.12245689655172409 0.016206896551724144
17 0.063125 0.4575 0.023744444444444436 0.01999444444444448
03 0.026250000000000002 0.445625 0.03248809523809524 0.02873809523809523
15 0.48750000000000004 0.37625 0.019992977528089872 0.014992977528089868
02 0.17562499999999998 0.289375 0.03624509803921569 0.02374509803921565
03 0.813125 0.28625 0.016206896551724137 0.02995689655172412
01 0.33625 0.86875 0.024978448275862042 0.022478448275862206
13 0.360625 0.958125 0.06863636363636355 0.04613636363636364
20 0.979375 0.91625 0.016235795454545343 0.012485795454545312
16 0.6331249999999999 0.634375 0.03621951219512198 0.02121951219512197
04 0.43937499999999996 0.24812499999999998 0.01873214285714281 0.018732142857142836
