05 0.958125 0.959375 0.02873355263157884 0.023733552631578947
13 0.96875 0.8981250000000001 0.032491610738254906 0.06124161073825485
12 0.16 0.435 0.024956896551724117 0.05245689655172414
09 0.690625 0.0475 0.021244444444444288 0.052494444444444455
10 0.9256249999999999 0.040625 0.023738095238095114 0.016238095238095232
08 0.13374999999999998 0.7725 0.009992977528089891 0.01749297752808987
20 0.321875 0.234375 0.023745098039215706 0.023745098039215706
03 0.635 0.85625 0.03495689655172418 0.04495689655172408
12 0.35125 0.72125 0.03497844827586205 0.03747844827586222
12 0.1375 0.764375 0.054886363636363636 0.061136363636363766
03 0.115 0.25125000000000003 0.07498579545454545 0.11998579545454549
15 0.5349999999999999 0.700625 0.014969512195121992 0.016219512195121966
15 0.12187500000000001 0.210625 0.016232142857142876 0.018732142857142836
