13 0.74875 0.48875 0.017483552631578858 0.057483552631578894
15 0.9256249999999999 0.35875 0.01624161073825492 0.034991610738255075
00 0.109375 0.49125 0.023706896551724116 0.019956896551724168
06 0.07750000000000001 0.11687499999999999 0.03999444444444446 0.09624444444444444
03 0.7925 0.795625 0.0399880952380951 0.02623809523809517
10 0.97125 0.8625 0.04249297752808989 0.02499297752808982
11 0.605625 0.375625 0.028745098039215655 0.018745098039215702
14 0.445 0.57875 0.012456896551724106 0.03745689655172413
04 0.8574999999999999 0.7224999999999999 0.01997844827586215 0.029978448275862157
15 0.575 0.8200000000000001 0.009886363636363638 0.0173863636363637
