03 0.31437499999999996 0.67625 0.023733552631578947 0.037483552631578876
07 0.68875 0.830625 0.02999161073825496 0.026241610738254928
13 0.43875 0.694375 0.09245689655172412 0.036206896551724155
06 0.5706249999999999 0.464375 0.023744444444444457 0.04624444444444448
11 0.5862499999999999 0.08625 0.02498809523809531 0.019988095238095235
15 0.690625 0.774375 0.028742977528089853 0.018742977528089844
01 0.84875 0.98625 0.014995098039215726 0.017495098039215673
06 0.594375 0.576875 0.09120689655172409 0.026206896551724146
12 0.29312499999999997 0.791875 0.03372844827586202 0.03372844827586219
03 0.62125 0.2275 0.014886363636363642 0.039886363636363664
08 0.8799999999999999 0.47625 0.02248579545454532 0.04248579545454545
03 0.106875 0.473125 0.02871951219512195 0.02121951219512197
