11 0.198125 0.7581249999999999 0.033733552631578956 0.031233552631578898
20 0.95 0.721875 0.024991610738254955 0.018741610738254866
20 0.101875 0.16625 0.026206896551724132 0.022456896551724143
03 0.55125 0.73 0.03249444444444449 0.01499444444444431
04 0.49062500000000003 0.6437499999999999 0.026238095238095283 0.024988095238095198
15 0.5974999999999999 0.48750000000000004 0.02499297752808982 0.019992977528089872
20 0.265 0.825 0.02499509803921568 0.017495098039215673
20 0.473125 0.12375 0.03370689655172415 0.02745689655172412
03 0.7925 0.375625 0.02997844827586227 0.028728448275862073
19 0.6868749999999999 0.161875 0.036136363636363744 0.021136363636363648
15 0.8574999999999999 0.164375 0.014985795454545259 0.05373579545454546
03 0.18562499999999998 0.5925 0.03871951219512196 0.01746951219512194
11 0.35625 0.6225 0.03498214285714285 0.03498214285714274
17 0.611875 0.390625 0.051237499999999936 0.05123750000000005
