14 0.333125 0.36 0.05123355263157897 0.022483552631578918
09 0.2525 0.690625 0.02749161073825504 0.03374161073825499
00 0.16 0.385 0.02745689655172412 0.02745689655172412
04 0.6437499999999999 0.68625 0.03249444444444438 0.022494444444444373
12 0.361875 0.6243749999999999 0.03873809523809524 0.041238095238095185
11 0.175 0.280625 0.032492977528089884 0.031242977528089855
18 0.130625 0.459375 0.018745098039215688 0.02124509803921565
00 0.62625 0.433125 0.03495689655172418 0.026206896551724146
10 0.265625 0.1175 0.02122844827586201 0.017478448275862077
12 0.26875 0.3525 0.04988636363636367 0.037386363636363606
03 0.5856250000000001 0.4275 0.06873579545454545 0.037485795454545445
11 0.744375 0.046875 0.03121951219512198 0.026219512195121947
