07 0.7662500000000001 0.049375 0.009983552631578907 0.04373355263157896
11 0.59375 0.98875 0.02249161073825512 0.01999161073825495
04 0.776875 0.5475 0.028706896551724093 0.024956896551724173
20 0.4125 0.236875 0.014994444444444477 0.011244444444444446
20 0.405625 0.8206249999999999 0.021238095238095278 0.01623809523809505
18 0.44437499999999996 0.17625000000000002 0.01624297752808984 0.019992977528089845
08 0.5325012254901961 0.16999999999999998 0.024997549019607934 0.032495098039215714
03 0.48124999999999996 0.38875000000000004 0.02995689655172412 0.024956896551724117
13 0.87625 0.41125 0.042478448275862224 0.04247844827586206
13 0.05 0.9530965909090909 0.06738636363636363 0.03369318181818182
