05 0.6018749999999999 0.21125 0.023733552631578836 0.022483552631578974
10 0.49312500000000004 0.1275 0.026241610738255094 0.01999161073825506
03 0.27125 0.235 0.03995689655172413 0.01995689655172414
02 0.42375 0.56 0.01749444444444448 0.0374944444444445
03 0.9356249999999999 0.1975 0.013738095238095105 0.02248809523809528
18 0.11125 0.655 0.014992977528089896 0.01749297752808987
09 0.224375 0.606875 0.018745098039215674 0.021245098039215704
15 0.924375 0.88 0.008706896551724186 0.01745689655172411
15 0.4575 0.818125 0.02247844827586204 0.036228448275862135
11 0.5318750000000001 0.6837500000000001 0.02113636363636362 0.0173863636363637
