08 0.678125 0.065625 0.04623355263157891 0.031233552631578974
10 0.41875 0.756875 0.02999161073825507 0.028741610738254875
14 0.3375 0.1775 0.017456896551724166 0.034956896551724126
03 0.09625 0.041249999999999995 0.039994444444444444 0.03499444444444444
20 0.809375 0.838125 0.03623809523809507 0.02623809523809517
20 0.18 0.815625 0.032492977528089856 0.03124297752808991
06 0.588125 0.130625 0.10624509803921578 0.061245098039215684
13 0.468125 0.2875 0.13120689655172413 0.04745689655172414
20 0.6599999999999999 0.656875 0.024978448275862264 0.02372844827586218
15 0.6575 0.208125 0.022386363636363704 0.018636363636363673
