00 0.41937500000000005 0.90125 0.0337335526315789 0.029983552631578814
02 0.31375 0.845 0.009991610738254997 0.0274916107382549
18 0.46687500000000004 0.585 0.023706896551724144 0.02745689655172412
15 0.401875 0.578125 0.026244444444444515 0.02874444444444446
16 0.67125 0.79 0.0399880952380951 0.05248809523809517
18 0.07874999999999999 0.9125000000000001 0.02249297752808989 0.02499297752808982
08 0.30562500000000004 0.9425 0.013745098039215697 0.014995098039215726
07 0.613125 0.23125 0.05620689655172417 0.06745689655172415
08 0.08 0.53 0.05997844827586207 0.04497844827586206
06 0.375 0.505 0.02488636363636365 0.03988636363636355
12 0.864375 0.0625 0.03873579545454531 0.06998579545454547
06 0.37813262195121955 0.1075 0.101234756097561 0.04746951219512194
