07 0.48812500000000003 0.30999999999999994 0.02373355263157889 0.03748355263157893
09 0.825 0.87375 0.01999161073825484 0.024991610738254955
11 0.8474999999999999 0.496875 0.019956896551724168 0.028706896551724204
08 0.7931236111111111 0.105625 0.023747222222222142 0.031244444444444464
04 0.3625 0.626875 0.027488095238095256 0.031238095238095287
02 0.704375 0.31125 0.026242977528089906 0.054992977528089904
04 0.8200000000000001 0.704375 0.022495098039215677 0.0162450980392157
03 0.04625 0.32875 0.01245689655172414 0.024956896551724117
09 0.238125 0.4575 0.031228448275862075 0.049978448275862064
07 0.129375 0.26125 0.05613636363636364 0.039886363636363636
11 0.76 0.44125000000000003 0.027485795454545325 0.024985795454545434
