06 0.665 0.9624999999999999 0.03248355263157887 0.03248355263157887
10 0.5549999999999999 0.411875 0.034991610738254963 0.021241610738255035
11 0.59375 0.8425 0.04495689655172419 0.04495689655172408
02 0.755 0.83375 0.04249444444444439 0.04499444444444434
09 0.1575 0.680625 0.03498809523809526 0.08373809523809517
15 0.834375 0.5075000000000001 0.026242977528089906 0.03999297752808989
15 0.061875 0.67625 0.031245098039215685 0.05749509803921571
02 0.7093750000000001 0.910625 0.05120689655172417 0.07370689655172413
06 0.41000000000000003 0.37875000000000003 0.13247844827586203 0.0974784482758621
18 0.09812499999999999 0.7593749999999999 0.023636363636363636 0.026136363636363735
14 0.8200000000000001 0.24 0.03998579545454539 0.037485795454545445
01 0.888125 0.56875 0.026219512195121975 0.029969512195122006
10 0.795625 0.5025 0.03123214285714282 0.029982142857142846
