02 0.318125 0.663125 0.018733552631578942 0.026233552631578894
01 0.9275 0.65375 0.017491610738254892 0.01999161073825484
20 0.94625 0.87875 0.01745689655172411 0.014956896551724164
18 0.580625 0.684375 0.013744444444444448 0.016244444444444395
03 0.723125 0.22062500000000002 0.01873809523809511 0.018738095238095248
13 0.919375 0.5862499999999999 0.036242977528089804 0.04499297752808984
08 0.913125 0.35375 0.013745098039215642 0.03499509803921569
19 0.11499999999999999 0.470625 0.019956896551724126 0.02120689655172414
20 0.429375 0.200625 0.01372844827586206 0.01372844827586206
20 0.975625 0.396875 0.028636363636363682 0.028636363636363626
