11 0.14500000000000002 0.666875 0.04248355263157895 0.0362335526315789
20 0.516875 0.2475 0.04124161073825505 0.03999161073825505
16 0.585 0.244375 0.0699568965517241 0.07870689655172414
04 0.6299999999999999 0.605 0.05999444444444435 0.039994444444444444
14 0.6643749999999999 0.8025 0.0612380952380952 0.03248809523809504
18 0.313125 0.613125 0.03624297752808986 0.03874297752808986
01 0.838125 0.35625 0.05874509803921568 0.03749509803921569
19 0.32375 0.26375000000000004 0.054956896551724144 0.03995689655172413
19 0.125 0.470625 0.04497844827586206 0.043728448275862086
03 0.354375 0.840625 0.03863636363636358 0.028636363636363682
04 0.38 0.64625 0.0349857954545455 0.03998579545454539
14 0.143125 0.9025000000000001 0.031219512195121923 0.03746951219512196
14 0.204375 0.9450000000000001 0.08123214285714281 0.049982142857142864
03 0.17125 0.27375 0.03998750000000004 0.03748750000000001
