20 0.976875 0.14375 0.026233552631578894 0.019983552631578944
08 0.329375 0.234375 0.0312416107382551 0.03874161073825502
13 0.96 0.335625 0.07245689655172416 0.05120689655172417
12 0.329375 0.49187500000000006 0.03624444444444447 0.038744444444444526
14 0.24812499999999998 0.37 0.026238095238095255 0.0724880952380953
14 0.250625 0.6756249999999999 0.03374297752808983 0.03374297752808986
15 0.835 0.645 0.03499509803921563 0.02999509803921563
01 0.58125 0.420625 0.032456896551724124 0.028706896551724148
07 0.7518750000000001 0.7112499999999999 0.028728448275862184 0.024978448275862264
16 0.8456250000000001 0.3225 0.02363636363636379 0.042386363636363666
