04 0.27749999999999997 0.79375 0.01998355263157897 0.022483552631578863
00 0.078125 0.775625 0.018741610738255046 0.01624161073825492
04 0.58375 0.27249999999999996 0.01745689655172411 0.014956896551724108
04 0.26 0.08125 0.019994444444444426 0.022494444444444456
11 0.798125 0.978125 0.028738095238095118 0.01873809523809511
13 0.31375 0.30874999999999997 0.062492977528089855 0.03249297752808983
19 0.984375 0.50125 0.021245098039215593 0.027495098039215682
13 0.245 0.71875 0.07995689655172411 0.04245689655172402
03 0.58125 0.9468749999999999 0.01997844827586215 0.03872844827586219
18 0.031875 0.625625 0.011136363636363635 0.013636363636363669
12 0.16875 0.805625 0.03248579545454547 0.031235795454545356
