00 0.2275 0.5575 0.03248355263157898 0.027483552631578867
04 0.14625 0.986875 0.029991610738255042 0.026241610738254928
10 0.9525 0.28125 0.03495689655172418 0.03745689655172413
02 0.6281249999999999 0.266875 0.03874444444444447 0.0562444444444444
03 0.04625 0.4375 0.06248809523809523 0.054988095238095225
04 0.728125 0.33125 0.036242977528089915 0.032492977528089884
04 0.19875 0.7731250000000001 0.03749509803921569 0.026245098039215597
14 0.5687500000000001 0.6387499999999999 0.032456896551724124 0.032456896551724124
03 0.443125 0.1875 0.011228448275862057 0.029978448275862046
07 0.500625 0.776875 0.03363636363636363 0.028636363636363793
