04 0.09937499999999999 0.905 0.023733552631578933 0.017483552631578858
19 0.448125 0.7324999999999999 0.033741610738255046 0.017491610738254892
04 0.13874999999999998 0.9043749999999999 0.01995689655172414 0.02120689655172414
01 0.09937499999999999 0.801875 0.018744444444444466 0.018744444444444452
18 0.045 0.353125 0.017488095238095233 0.021238095238095278
10 0.45999999999999996 0.92625 0.017492977528089815 0.019992977528089817
13 0.505 0.64375 0.017495098039215673 0.052495098039215704
07 0.20375 0.9156249999999999 0.009956896551724131 0.06370689655172412
01 0.29375 0.32625 0.014978448275862033 0.012478448275862086
05 0.219375 0.903125 0.016136363636363643 0.03113636363636374
18 0.254375 0.453125 0.016235795454545482 0.018735795454545512
10 0.105625 0.594375 0.021219512195121942 0.018719512195122023
