01 0.80375 0.153125 0.04248355263157888 0.033733552631578956
04 0.635625 0.315625 0.028741610738254986 0.02624161073825504
13 0.5 0.5874999999999999 0.1424568965517241 0.0649568965517241
20 0.21187499999999998 0.673125 0.031244444444444436 0.023744444444444346
01 0.7481249999999999 0.155 0.021238095238095167 0.01998809523809525
18 0.915625 0.93625 0.018742977528089844 0.019992977528089817
04 0.239375 0.6087499999999999 0.03374509803921569 0.032495098039215686
18 0.043750000000000004 0.20500000000000002 0.01995689655172414 0.022456896551724143
10 0.44 0.756875 0.024978448275862042 0.028728448275862184
13 0.96 0.364375 0.057386363636363735 0.10363636363636364
03 0.223125 0.518125 0.03373579545454547 0.04873579545454543
