14 0.903125 0.0225 0.023733552631578836 0.03248355263157895
11 0.116875 0.33625 0.02374161073825505 0.024991610738255066
04 0.09875 0.01875 0.019956896551724126 0.024956896551724138
03 0.915 0.042499999999999996 0.03999444444444433 0.02249444444444445
03 0.849375 0.746875 0.011238095238095047 0.028738095238095118
03 0.7849999999999999 0.7975 0.02499297752808982 0.02749297752808988
14 0.2825 0.031875 0.019995098039215675 0.03374509803921569
09 0.45875 0.535625 0.01745689655172411 0.016206896551724137
11 0.879375 0.63 0.021228448275862233 0.01747844827586209
11 0.409375 0.206875 0.02113636363636362 0.01613636363636367
