06 0.2 0.25937499999999997 0.05748355263157898 0.13373355263157893
16 0.6637500000000001 0.8456250000000001 0.03749161073825491 0.06624161073825496
00 0.43125 0.495 0.04745689655172414 0.02745689655172412
06 0.08687500000000001 0.43 0.04874444444444445 0.1099944444444445
08 0.16437500000000002 0.6387499999999999 0.056238095238095254 0.05998809523809523
04 0.724375 0.105 0.046242977528089924 0.032492977528089884
07 0.2656237745098039 0.5843750000000001 0.09624754901960783 0.03374509803921566
15 0.39125 0.865 0.06245689655172415 0.06245689655172404
03 0.5025 0.84 0.04497844827586206 0.042478448275862224
06 0.80375 0.40874999999999995 0.04488636363636378 0.024886363636363595
