03 0.281875 0.578125 0.04873355263157897 0.0362335526315789
08 0.9568749999999999 0.810625 0.046241610738254946 0.03374161073825488
05 0.185 0.836875 0.03745689655172413 0.02120689655172414
04 0.270625 0.9043749999999999 0.026244444444444404 0.026244444444444404
04 0.33187500000000003 0.8987499999999999 0.036238095238095236 0.03248809523809515
04 0.76875 0.25187499999999996 0.027492977528089768 0.021242977528089846
04 0.2425 0.15812500000000002 0.032495098039215686 0.031245098039215685
18 0.6681250000000001 0.038125 0.02120689655172414 0.021206896551724138
10 0.246875 0.769375 0.02372844827586207 0.02372844827586218
03 0.178125 0.65375 0.02613636363636368 0.03488636363636366
19 0.15125 0.43875 0.03748579545454547 0.032485795454545496
18 0.351875 0.18562499999999998 0.02121951219512197 0.023719512195122
