15 0.15250000000000002 0.27937500000000004 0.012483552631578937 0.03623355263157896
18 0.12375 0.5393749999999999 0.024991610738255052 0.028741610738255097
20 0.18125 0.6168750000000001 0.034956896551724126 0.026206896551724035
04 0.2825 0.4975 0.03749444444444444 0.03499444444444444
06 0.908125 0.11624999999999999 0.0712380952380951 0.022488095238095238
04 0.334375 0.10125 0.03874297752808986 0.029992977528089895
03 0.7125 0.516875 0.024995098039215735 0.03624509803921566
20 0.361875 0.7675000000000001 0.02120689655172414 0.022456896551724115
17 0.080625 0.961875 0.04122844827586206 0.04122844827586214
04 0.29125 0.624375 0.042386363636363666 0.02863636363636357
17 0.47875 0.6925 0.0474857954545454 0.04748579545454534
06 0.5643673780487806 0.860625 0.03373475609756105 0.026219512195121975
02 0.473125 0.4 0.05123214285714284 0.062482142857142875
01 0.224375 0.5774999999999999 0.02123750000000002 0.01748749999999999
