18 0.863125 0.6925 0.023733552631578947 0.027483552631578867
08 0.155 0.9781249999999999 0.024991610738255066 0.028741610738254875
04 0.750625 0.66625 0.0387068965517241 0.024956896551724173
10 0.065 0.776875 0.04499444444444445 0.04624444444444431
20 0.481875 0.52125 0.031238095238095287 0.019988095238095305
08 0.79625 0.100625 0.02749297752808988 0.03874297752808989
06 0.208125 0.38687499999999997 0.11624509803921568 0.05624509803921568
11 0.06687499999999999 0.35875 0.03620689655172414 0.022456896551724115
13 0.91875 0.19375 0.06997844827586219 0.12997844827586208
13 0.675 0.20500000000000002 0.057386363636363735 0.08488636363636368
18 0.815 0.178125 0.02248579545454532 0.026235795454545463
12 0.6168750000000001 0.64125 0.03871951219512193 0.07246951219512199
08 0.463125 0.079375 0.02373214285714287 0.046232142857142854
20 0.374375 0.5675 0.02123750000000002 0.022487499999999994
