18 0.90375 0.54125 0.022483552631578863 0.02498355263157892
18 0.284375 0.30062500000000003 0.02624161073825504 0.02874161073825504
06 0.105 0.511875 0.06995689655172413 0.12120689655172412
09 0.246875 0.76875 0.02624444444444443 0.03999444444444433
01 0.148125 0.83125 0.016238095238095246 0.017488095238095136
03 0.6343749999999999 0.05 0.03374297752808986 0.03249297752808989
12 0.568125 0.90625 0.06874509803921569 0.06999509803921566
11 0.44875 0.890625 0.032456896551724124 0.026206896551724146
13 0.59 0.78 0.06247844827586202 0.059978448275862184
05 0.900625 0.5387500000000001 0.04613636363636375 0.022386363636363593
16 0.7362500000000001 0.868125 0.03998579545454539 0.03873579545454531
15 0.245625 0.545625 0.023719512195121972 0.018719512195122023
07 0.30625 0.2925 0.04748214285714286 0.044982142857142804
