06 0.639375 0.200625 0.06623355263157893 0.023733552631578975
04 0.11562499999999999 0.4425 0.05874161073825504 0.05499161073825509
08 0.155 0.6856249999999999 0.044956896551724135 0.08370689655172414
00 0.67875 0.6699999999999999 0.06999444444444436 0.06999444444444436
20 0.9075 0.96625 0.0399880952380951 0.03998809523809521
17 0.7875000000000001 0.805625 0.07499297752808987 0.061242977528089826
08 0.74 0.13375 0.06499509803921577 0.042495098039215695
10 0.406875 0.225 0.04870689655172411 0.03995689655172413
09 0.375625 0.32999999999999996 0.06872844827586205 0.08497844827586204
10 0.0475 0.128125 0.04738636363636364 0.031136363636363615
06 0.6443749999999999 0.906875 0.05373579545454532 0.058735795454545325
07 0.51 0.699375 0.024969512195121946 0.123719512195122
