03 0.8087500000000001 0.765 0.009983552631578907 0.037483552631578876
20 0.911875 0.594375 0.018741610738254977 0.018741610738254977
09 0.364375 0.4525 0.043706896551724106 0.034956896551724126
06 0.826875 0.495 0.026244444444444404 0.034994444444444495
04 0.249375 0.54 0.028738095238095257 0.02498809523809531
03 0.64 0.618125 0.029992977528089826 0.011242977528089892
00 0.859375 0.144375 0.03374509803921577 0.021245098039215704
12 0.6875 0.5225 0.0549568965517242 0.05245689655172414
17 0.188125 0.195 0.028728448275862045 0.03497844827586205
10 0.858125 0.203125 0.028636363636363793 0.021136363636363675
15 0.33 0.026875000000000003 0.01498579545454548 0.01873579545454546
12 0.653125 0.049999999999999996 0.04871951219512194 0.03746951219512194
13 0.46687500000000004 0.8049999999999999 0.01873214285714281 0.07998214285714289
02 0.2425 0.29374999999999996 0.0849875 0.034987500000000005
