08 0.233125 0.184375 0.013733552631578994 0.021233552631578972
01 0.80125 0.85625 0.014991610738254835 0.012491610738254888
15 0.605 0.839375 0.019956896551724057 0.011206896551724133
12 0.565625 0.44625 0.026244444444444515 0.03249444444444449
13 0.5862499999999999 0.979375 0.06998809523809524 0.03623809523809518
15 0.11937675561797753 0.6475 0.05124648876404493 0.012492977528089866
10 0.10750000000000001 0.5700000000000001 0.024995098039215694 0.017495098039215784
14 0.19624999999999998 0.794375 0.012456896551724134 0.02120689655172414
03 0.275625 0.445625 0.028728448275862073 0.028728448275862073
01 0.513125 0.10500000000000001 0.013636363636363558 0.012386363636363626
