14 0.14875 0.7381249999999999 0.014983552631578939 0.03873355263157896
01 0.495 0.030625 0.009991610738255052 0.008741610738255034
13 0.599375 0.85375 0.046206896551724164 0.049956896551724084
11 0.281875 0.47187500000000004 0.018744444444444452 0.018744444444444508
01 0.91625 0.35125 0.012488095238095132 0.012488095238095243
04 0.706875 0.280625 0.016242977528089897 0.01624297752808984
10 0.87375 0.4574987745098039 0.022495098039215677 0.012497549019607868
12 0.24625000000000002 0.975625 0.022456896551724143 0.016206896551724137
13 0.890625 0.5425 0.01372844827586217 0.049978448275862064
09 0.63125 0.625625 0.014886363636363642 0.016136363636363615
02 0.264375 0.11937500000000001 0.02373579545454546 0.016235795454545468
12 0.15937500000000002 0.41000000000000003 0.02121951219512197 0.022469512195122
09 0.143125 0.26875000000000004 0.01623214285714286 0.027482142857142844
