12 0.635 0.8225 0.029983552631578814 0.03248355263157898
11 0.4825 0.9293750000000001 0.01999161073825506 0.018741610738254866
00 0.818125 0.135 0.026206896551724146 0.027456896551724133
18 0.756875 0.809375 0.013744444444444337 0.016244444444444395
14 0.448125 0.084375 0.016238095238095274 0.04373809523809523
12 0.838125 0.641875 0.023742977528089848 0.026242977528089906
07 0.55 0.2925 0.032495098039215686 0.009995098039215666
04 0.43875 0.39249999999999996 0.02245689655172417 0.024956896551724117
00 0.640625 0.09875 0.026228448275862126 0.024978448275862056
02 0.77125 0.01375 0.03238636363636371 0.012386363636363636
06 0.024375 0.12187500000000001 0.016235795454545454 0.09123579545454547
03 0.8987499999999999 0.30374999999999996 0.01746951219512194 0.024969512195121946
14 0.3925 0.75875 0.029982142857142846 0.0274821428571429
