05 0.184375 0.074375 0.023733552631578975 0.043733552631578944
04 0.5062500000000001 0.065 0.03999161073825508 0.03499161073825504
11 0.75125 0.021874999999999995 0.03495689655172418 0.03870689655172413
11 0.285625 0.53125 0.03374444444444441 0.0374944444444445
12 0.835 0.8475 0.04998809523809511 0.04998809523809511
09 0.46 0.48 0.06999297752808986 0.044992977528089895
11 0.10375 0.306875 0.03999509803921569 0.031245098039215713
10 0.18937500000000002 0.045 0.043706896551724134 0.04745689655172414
10 0.249375 0.2825 0.031228448275862047 0.024978448275862097
03 0.73 0.963125 0.03238636363636371 0.026136363636363735
01 0.338125 0.5331250000000001 0.026235795454545463 0.026235795454545463
16 0.73125 0.74875 0.05496951219512203 0.04496951219512202
