13 0.02375 0.8356250000000001 0.022483552631578946 0.1462335526315789
03 0.18 0.44375 0.03999161073825505 0.05249161073825509
06 0.93125 0.06687499999999999 0.024956896551724173 0.03870689655172414
04 0.26937500000000003 0.61875 0.041244444444444445 0.03499444444444455
11 0.258125 0.353125 0.033738095238095234 0.03123809523809523
03 0.6143767556179776 0.228125 0.04624648876404491 0.041242977528089864
06 0.06437499999999999 0.8612500000000001 0.11374509803921568 0.06499509803921566
01 0.0425 0.645625 0.024956896551724145 0.016206896551724137
12 0.3075 0.099375 0.049978448275862064 0.04622844827586206
18 0.823125 0.330625 0.028636363636363793 0.03113636363636363
07 0.354375 0.615 0.018735795454545512 0.044985795454545396
11 0.5587500000000001 0.6125 0.03496951219512201 0.03746951219512196
