04 0.4875 0.8656250000000001 0.02498355263157892 0.018733552631578942
06 0.4 0.111875 0.047491610738255086 0.05374161073825506
03 0.595 0.786875 0.024956896551724173 0.04370689655172422
03 0.580625 0.639375 0.013744444444444448 0.02124444444444451
14 0.379375 0.19374999999999998 0.021238095238095278 0.014988095238095273
01 0.609375 0.239375 0.01374297752808995 0.011242977528089837
14 0.754376225490196 0.6487499999999999 0.016247549019607788 0.014995098039215615
04 0.704375 0.5306249999999999 0.02120689655172414 0.02120689655172414
07 0.251875 0.23812499999999998 0.03622844827586205 0.05372844827586207
14 0.905625 0.5487500000000001 0.023636363636363678 0.029886363636363655
06 0.2937535511363636 0.6643749999999999 0.022492897727272754 0.016235795454545232
03 0.44937499999999997 0.23875000000000002 0.01621951219512202 0.02246951219512197
