14 0.27437500000000004 0.0975 0.018733552631578998 0.022483552631578932
03 0.725 0.38125 0.024991610738254844 0.01749161073825506
14 0.388125 0.7268749999999999 0.028706896551724093 0.026206896551724035
10 0.08125 0.55 0.022494444444444456 0.019994444444444537
00 0.7581249999999999 0.96 0.03373809523809512 0.02998809523809509
18 0.7125 0.40375 0.01749297752808987 0.019992977528089817
18 0.9437500000000001 0.7949999999999999 0.01999509803921573 0.022495098039215677
12 0.684375 0.465625 0.05870689655172412 0.04870689655172411
15 0.96 0.595625 0.02747844827586221 0.03872844827586208
09 0.896875 0.3375 0.023636363636363678 0.01988636363636359
04 0.515625 0.935 0.02123579545454546 0.017485795454545427
03 0.8024923780487805 0.33499999999999996 0.04248475609756097 0.027469512195122003
02 0.42625 0.530625 0.04748214285714286 0.02373214285714287
