06 0.738125 0.555625 0.05873355263157887 0.06623355263157893
02 0.5562499999999999 0.336875 0.02999161073825507 0.031241610738255043
14 0.653125 0.6074999999999999 0.026206896551724146 0.03495689655172407
03 0.120625 0.683125 0.04624444444444445 0.043744444444444364
09 0.8556250000000001 0.6781250000000001 0.031238095238095176 0.04373809523809513
03 0.13 0.0325 0.03749297752808989 0.027492977528089886
08 0.7525 0.97375 0.024995098039215624 0.03999509803921564
03 0.37375 0.5318750000000001 0.062456896551724095 0.043706896551724106
01 0.854375 0.609375 0.028728448275862295 0.023728448275861957
06 0.24375000000000002 0.2125 0.07738636363636367 0.03488636363636366
18 0.12062500000000001 0.546875 0.016235795454545468 0.018735795454545512
07 0.1275 0.6793750000000001 0.05746951219512193 0.018719512195121912
06 0.19875 0.779375 0.07498214285714283 0.04623214285714283
16 0.06875 0.291875 0.0299875 0.04623750000000004
