13 0.735625 0.6187499999999999 0.07623355263157894 0.1774835526315789
19 0.96875 0.8625 0.024991610738254844 0.03999161073825486
11 0.8812500000000001 0.026875 0.032456896551724124 0.023706896551724137
14 0.256875 0.79375 0.03624444444444444 0.037494444444444386
13 0.835 0.21125 0.07998809523809514 0.05748809523809528
03 0.460625 0.45687500000000003 0.04874297752808987 0.013742977528089895
06 0.924375 0.661875 0.08624509803921565 0.09124509803921566
07 0.35187500000000005 0.421875 0.06120689655172412 0.016206896551724137
01 0.09375 0.034999999999999996 0.019978448275862065 0.014978448275862071
13 0.450625 0.485625 0.07613636363636356 0.15363636363636357
