15 0.9137500000000001 0.31375 0.012483552631578854 0.01248355263157902
13 0.670625 0.060625 0.04374161073825489 0.031241610738255036
05 0.081875 0.12375 0.026206896551724132 0.014956896551724122
13 0.54625 0.98625 0.047494444444444506 0.022494444444444373
13 0.39312499999999995 0.280625 0.013738095238095271 0.07623809523809524
04 0.7075 0.8275 0.022492977528089875 0.01749297752808987
15 0.931875 0.5175000000000001 0.011245098039215695 0.014995098039215615
11 0.6443749999999999 0.08499999999999999 0.023706896551724088 0.017456896551724138
15 0.25625 0.96625 0.029978448275862102 0.01997844827586215
03 0.6625000000000001 0.40812499999999996 0.014886363636363753 0.018636363636363618
06 0.435 0.236875 0.037485795454545445 0.06373579545454547
13 0.9512423780487805 0.126875 0.019984756097561007 0.061219512195121936
