15 0.83625 0.35 0.0674835526315789 0.034983552631578874
10 0.52125 0.231875 0.03999161073825497 0.03624161073825505
04 0.84625 0.271875 0.04495689655172408 0.023706896551724144
13 0.565 0.53 0.09749444444444444 0.04999444444444445
00 0.8825000000000001 0.136875 0.04248809523809516 0.04123809523809524
10 0.385 0.59125 0.03499297752808983 0.032492977528089884
12 0.35 0.145625 0.07999509803921573 0.07124509803921569
02 0.25625 0.8031250000000001 0.04745689655172411 0.08370689655172414
02 0.7749999999999999 0.66875 0.06747844827586225 0.04497844827586228
04 0.28500000000000003 0.68625 0.05488636363636362 0.04238636363636372
