08 0.490625 0.4575 0.026233552631578894 0.10248355263157888
06 0.28 0.50625 0.05999161073825504 0.059991610738254986
16 0.23750000000000002 0.489375 0.044956896551724135 0.04370689655172416
06 0.042499999999999996 0.35375 0.017494444444444444 0.027494444444444488
01 0.721875 0.873125 0.023738095238095114 0.01873809523809511
01 0.111875 0.39125 0.02374297752808989 0.022492977528089875
03 0.969375 0.385625 0.056245098039215735 0.04124509803921572
15 0.40125 0.145625 0.02745689655172412 0.03620689655172413
13 0.72875 0.7324999999999999 0.03497844827586216 0.06997844827586219
02 0.803125 0.5675 0.02113636363636373 0.03988636363636355
14 0.923125 0.846875 0.026235795454545352 0.041235795454545365
