01 0.808125 0.5862499999999999 0.04623355263157891 0.04498355263157883
08 0.9881249999999999 0.77875 0.018741610738254866 0.06749161073825494
12 0.951875 0.294375 0.046206896551724164 0.08620689655172409
04 0.79 0.643125 0.04249444444444439 0.03874444444444447
14 0.4975 0.1225 0.027488095238095256 0.06748809523809524
13 0.87625 0.339375 0.022492977528089875 0.06624297752808989
13 0.24875 0.9299999999999999 0.08749509803921568 0.06499509803921566
15 0.479375 0.141875 0.03120689655172415 0.06870689655172413
13 0.1125 0.045625 0.032478448275862076 0.061228448275862074
14 0.940625 0.33625 0.02363636363636379 0.047386363636363615
20 0.826875 0.578125 0.016235795454545343 0.016235795454545565
04 0.401875 0.738125 0.038719512195121986 0.04121951219512199
