20 0.463125 0.89625 0.04373355263157891 0.03998355263157882
10 0.083125 0.614375 0.043741610738255034 0.03624161073825505
06 0.845 0.9456249999999999 0.022456896551724115 0.10120689655172421
18 0.683125 0.6799999999999999 0.02874444444444435 0.03249444444444427
01 0.7268749999999999 0.7749999999999999 0.02623809523809506 0.024988095238095087
01 0.160625 0.943125 0.023742977528089848 0.018742977528089844
04 0.778125 0.77125 0.04374509803921567 0.034995098039215744
11 0.030000000000000002 0.5118750000000001 0.047456896551724144 0.03120689655172415
02 0.700625 0.26 0.1262284482758621 0.03247844827586205
04 0.8768750000000001 0.30437499999999995 0.04613636363636375 0.038636363636363635
03 0.650625 0.725625 0.033735795454545414 0.051235795454545374
10 0.714375 0.4175 0.033719512195121926 0.024969512195121946
