01 0.60875 0.050625 0.03998355263157882 0.03623355263157896
03 0.9043749999999999 0.694375 0.09124161073825487 0.03624161073825494
15 0.11875 0.15875 0.034956896551724126 0.032456896551724124
14 0.18875 0.973125 0.0549944444444444 0.026244444444444293
00 0.514375 0.19125 0.04873809523809525 0.029988095238095258
11 0.073125 0.8425 0.041242977528089884 0.022492977528089875
17 0.07 0.7518750000000001 0.047495098039215686 0.046245098039215615
13 0.26688577586206896 0.491875 0.06622844827586205 0.06370689655172412
00 0.563125 0.845625 0.03122844827586202 0.021228448275862233
03 0.596875 0.09562499999999999 0.0686363636363636 0.04863636363636363
16 0.865 0.686875 0.044985795454545396 0.058735795454545325
16 0.18937500000000002 0.37687499999999996 0.05371951219512197 0.058719512195122
