14 0.051875000000000004 0.71875 0.031233552631578954 0.022483552631578974
15 0.1925 0.980625 0.01999161073825506 0.011241610738254915
00 0.21125 0.614375 0.022456896551724115 0.01370689655172419
10 0.08937500000000001 0.22562500000000002 0.013744444444444462 0.011244444444444418
08 0.07 0.245625 0.012488095238095229 0.02373809523809528
04 0.791875 0.0325 0.018742977528089844 0.017492977528089888
16 0.610625 0.179375 0.0162450980392157 0.03374509803921569
01 0.24625000000000002 0.359375 0.017456896551724138 0.011206896551724133
08 0.67625 0.556875 0.014978448275862144 0.03372844827586208
11 0.081875 0.51875 0.01863636363636363 0.01738636363636359
05 0.5675 0.36375 0.02498579545454538 0.01498579545454548
