03 0.46625 0.7075 0.03498355263157893 0.04248355263157888
17 0.215625 0.49812500000000004 0.04374161073825503 0.04624161073825511
12 0.23812500000000003 0.6231249999999999 0.04870689655172414 0.06370689655172412
03 0.280625 0.8 0.09624444444444447 0.03999444444444433
01 0.378125 0.4975 0.0462380952380953 0.037488095238095265
07 0.5525017556179775 0.8824982443820224 0.03249648876404487 0.07249648876404502
06 0.843125 0.815 0.06124509803921563 0.11749509803921565
09 0.81875 0.034375 0.03495689655172418 0.03870689655172414
16 0.946875 0.44999999999999996 0.05122844827586226 0.052478448275862066
18 0.066875 0.7693749999999999 0.02613636363636363 0.028636363636363682
16 0.1375 0.94 0.03498579545454547 0.0649857954545453
13 0.895 0.5125 0.029969512195122006 0.022469512195122054
01 0.62375 0.7637499999999999 0.04498214285714286 0.039982142857142855
