20 0.98 0.19375 0.02498355263157892 0.022483552631578974
12 0.930625 0.11875 0.04874161073825489 0.05999161073825504
20 0.8612500000000001 0.9650000000000001 0.029956896551724177 0.022456896551724115
11 0.56 0.67875 0.0374944444444445 0.029994444444444324
08 0.676875 0.08125 0.048738095238095136 0.05248809523809523
03 0.16625 0.781875 0.05999297752808988 0.05874297752808988
01 0.14875 0.526875 0.03749509803921569 0.02624509803921571
03 0.5674999999999999 0.91125 0.04245689655172413 0.022456896551724226
03 0.56375 0.91875 0.06747844827586202 0.03497844827586227
08 0.9375 0.041249999999999995 0.06488636363636369 0.044886363636363634
12 0.2225 0.18875 0.04498579545454545 0.049985795454545456
12 0.30062500000000003 0.8887499999999999 0.056219512195121946 0.05996951219512192
