07 0.9068750000000001 0.6643749999999999 0.04123355263157891 0.013733552631578827
14 0.18625 0.680625 0.052491610738255035 0.038741610738254884
10 0.744375 0.011875 0.03120689655172404 0.01870689655172414
10 0.03625 0.951875 0.027494444444444443 0.02874444444444435
19 0.095 0.911875 0.044988095238095244 0.02623809523809517
20 0.31625000000000003 0.605 0.019992977528089872 0.019992977528089817
07 0.5293749999999999 0.18125 0.09374509803921571 0.03999509803921569
15 0.41374999999999995 0.64625 0.024956896551724117 0.01745689655172411
10 0.881875 0.61 0.028728448275862184 0.019978448275862037
18 0.47562499999999996 0.341875 0.018636363636363618 0.02113636363636362
