15 0.26875000000000004 0.081875 0.044983552631578994 0.10623355263157894
01 0.6425 0.060625 0.042491610738254915 0.031241610738255036
14 0.7 0.94625 0.022456896551724115 0.02745689655172412
14 0.7731250000000001 0.79375 0.061244444444444324 0.029994444444444324
10 0.431875 0.52 0.028738095238095285 0.027488095238095256
15 0.0375 0.85 0.04749297752808989 0.05249297752808979
20 0.47125 0.7012499999999999 0.027495098039215682 0.022495098039215677
20 0.7625 0.8831249999999999 0.02495689655172406 0.018706896551724195
14 0.080625 0.755 0.04122844827586206 0.024978448275862153
04 0.903125 0.164375 0.0336363636363638 0.021136363636363648
12 0.128125 0.6275 0.061235795454545466 0.06998579545454542
06 0.051875 0.5725 0.03621951219512194 0.11246951219512202
