02 0.556875 0.5081249999999999 0.03873355263157885 0.04123355263157891
03 0.1 0.641875 0.07249161073825505 0.02374161073825498
18 0.935 0.25125000000000003 0.019956896551724168 0.022456896551724143
18 0.21625 0.2575 0.019994444444444426 0.0224944444444444
19 0.95 0.058750000000000004 0.012488095238095132 0.022488095238095238
10 0.72625 0.16749999999999998 0.049992977528089844 0.03999297752808986
03 0.8500000000000001 0.5643750000000001 0.022495098039215677 0.021245098039215704
02 0.098125 0.241875 0.03620689655172413 0.043706896551724134
18 0.331875 0.65875 0.018728448275862064 0.022478448275862206
03 0.48124999999999996 0.77125 0.014886363636363587 0.04488636363636367
13 0.039999999999999994 0.6956249999999999 0.04748579545454545 0.08873579545454524
13 0.543125 0.598125 0.03121951219512198 0.12621951219512195
03 0.825 0.468125 0.04748214285714292 0.026232142857142815
