07 0.516875 0.8525 0.0362335526315789 0.054983552631578836
03 0.209375 0.490625 0.04874161073825506 0.033741610738255046
03 0.16936422413793104 0.39125 0.021228448275862066 0.06745689655172415
20 0.26875 0.798125 0.03499444444444444 0.026244444444444404
04 0.16312500000000002 0.843125 0.03373809523809526 0.021238095238095056
10 0.17875000000000002 0.045 0.019992977528089845 0.02499297752808989
02 0.423125 0.296875 0.026245098039215653 0.06624509803921574
08 0.11812500000000001 0.631875 0.05370689655172413 0.053706896551724115
18 0.169375 0.030625 0.02372844827586207 0.02622844827586207
01 0.898125 0.045 0.02113636363636373 0.014886363636363635
18 0.14500000000000002 0.289375 0.02248579545454546 0.026235795454545463
