00 0.914375 0.09937499999999999 0.026233552631578894 0.023733552631578933
08 0.7012499999999999 0.790625 0.03999161073825486 0.03374161073825488
12 0.221875 0.5325 0.031206896551724123 0.03495689655172418
14 0.110625 0.436875 0.04624444444444448 0.03374444444444452
19 0.3375 0.48375 0.029988095238095258 0.03498809523809526
13 0.44375 0.24812499999999998 0.034992977528089886 0.07874297752808987
07 0.534375 0.850625 0.028745098039215766 0.038745098039215664
03 0.065 0.6375 0.05495689655172413 0.04495689655172408
12 0.9399946120689655 0.22062500000000002 0.06498922413793118 0.04622844827586206
04 0.12187499999999998 0.8362499999999999 0.043636363636363626 0.03738636363636372
19 0.973125 0.933125 0.0337357954545453 0.021235795454545348
02 0.1725 0.36625 0.08246951219512197 0.057469512195121975
07 0.39312499999999995 0.05875 0.17373214285714284 0.03248214285714285
