19 0.24062499999999998 0.2425 0.04373355263157894 0.03498355263157901
11 0.6425 0.5787500000000001 0.04999161073825498 0.02999161073825507
08 0.7499892241379311 0.19874999999999998 0.022478448275862095 0.012456896551724134
03 0.32375 0.28625 0.034994444444444495 0.039994444444444444
06 0.5 0.45875 0.049988095238095276 0.0824880952380953
06 0.66875 0.9081250000000001 0.07499297752808987 0.043742977528089866
04 0.036250000000000004 0.04875 0.04249509803921569 0.027495098039215682
20 0.795 0.120625 0.03745689655172413 0.02870689655172412
01 0.848125 0.42125 0.04122844827586225 0.03497844827586205
04 0.8031250000000001 0.11125 0.036136363636363744 0.029886363636363628
