07 0.40375 0.746875 0.03498355263157893 0.12373355263157892
04 0.52375 0.605 0.07999161073825506 0.069991610738255
01 0.89375 0.315625 0.04745689655172414 0.03120689655172415
03 0.656875 0.39437500000000003 0.12374444444444443 0.1287444444444445
03 0.915625 0.724375 0.048738095238095136 0.04623809523809519
03 0.516875 0.37125 0.17124297752808987 0.05999297752808985
09 0.15000000000000002 0.09625 0.0724950980392157 0.08749509803921568
12 0.046875 0.23249999999999998 0.07120689655172413 0.13995689655172414
10 0.5325 0.166875 0.06997844827586203 0.05372844827586207
12 0.08687500000000001 0.580625 0.08613636363636364 0.09113636363636368
14 0.9375 0.785625 0.0599857954545453 0.08123579545454529
07 0.9056249999999999 0.5700000000000001 0.08871951219512197 0.03746951219512196
16 0.940625 0.68875 0.06873214285714291 0.11748214285714287
