06 0.57375 0.045625 0.13748355263157896 0.04373355263157895
03 0.655 0.045 0.03249161073825502 0.03499161073825503
19 0.33187500000000003 0.139375 0.06120689655172412 0.04620689655172412
05 0.39249999999999996 0.760625 0.06499444444444452 0.043744444444444364
04 0.5856250000000001 0.39437500000000003 0.05373809523809536 0.026238095238095227
13 0.275 0.15249999999999997 0.052492977528089846 0.10499297752808986
14 0.5487500000000001 0.284375 0.042495098039215695 0.05374509803921568
03 0.459375 0.09 0.05870689655172412 0.06245689655172413
12 0.21563038793103448 0.08374999999999999 0.09623922413793101 0.05747844827586206
06 0.6768750000000001 0.588125 0.1361363636363636 0.02863636363636357
18 0.1375 0.84375 0.03498579545454547 0.037485795454545334
06 0.2 0.20625 0.04746951219512199 0.029969512195121978
