04 0.6675 0.563125 0.03248355263157887 0.026233552631578894
10 0.415 0.403125 0.014991610738255057 0.01624161073825503
19 0.11687499999999999 0.8025 0.023706896551724116 0.029956896551724066
14 0.18875 0.70625 0.039994444444444444 0.017494444444444368
18 0.09875 0.7525 0.014988095238095231 0.017488095238095025
15 0.81875 0.59625 0.01749297752808987 0.0524929775280899
08 0.505 0.12 0.022495098039215733 0.03999509803921569
02 0.756875 0.1475 0.016206896551724137 0.024956896551724117
06 0.1875053879310345 0.925 0.04248922413793102 0.06747844827586225
01 0.365 0.686875 0.01988636363636359 0.013636363636363669
05 0.5974999999999999 0.17625000000000002 0.02498579545454549 0.02248579545454546
18 0.8525 0.67125 0.01746951219512194 0.019969512195121997
