03 0.625 0.075625 0.05498355263157895 0.08623355263157895
03 0.665625 0.795625 0.03374161073825488 0.01624161073825492
15 0.881875 0.66 0.07620689655172408 0.04745689655172414
03 0.625 0.473125 0.06499444444444447 0.028744444444444517
14 0.66375 0.734375 0.06498809523809523 0.048738095238095136
18 0.095625 0.835 0.026242977528089878 0.029992977528089826
11 0.18375 0.40249999999999997 0.0499950980392157 0.03999509803921569
03 0.808125 0.581875 0.04120689655172416 0.04870689655172411
18 0.16249999999999998 0.19874999999999998 0.029978448275862074 0.032478448275862076
14 0.030625 0.405 0.023636363636363636 0.034886363636363604
10 0.7137500000000001 0.380625 0.03248579545454533 0.028735795454545465
04 0.711875 0.38125 0.04621951219512199 0.03746951219512201
08 0.134375 0.8475 0.02373214285714287 0.047482142857142806
