00 0.515 0.15375 0.03248355263157898 0.02748355263157895
06 0.620625 0.711875 0.03624161073825505 0.08624161073825487
03 0.694375 0.4425 0.06120689655172418 0.04745689655172414
02 0.73125 0.6725000000000001 0.03499444444444444 0.03999444444444433
01 0.5162500000000001 0.145625 0.027488095238095256 0.01873809523809522
19 0.056249999999999994 0.94 0.03749297752808988 0.039992977528089946
03 0.091875 0.31562500000000004 0.03624509803921569 0.02874509803921571
00 0.87 0.353125 0.024956896551724173 0.016206896551724137
11 0.446875 0.9299999999999999 0.031228448275862075 0.03497844827586227
11 0.5787500000000001 0.20750000000000002 0.0323863636363636 0.029886363636363683
03 0.40875 0.8031250000000001 0.02498579545454549 0.07373579545454534
06 0.91625 0.376875 0.029969512195122006 0.011219512195121961
06 0.9706250000000001 0.566875 0.011232142857142802 0.04123214285714283
