04 0.14125000000000001 0.579375 0.03498355263157894 0.03873355263157885
15 0.219375 0.0475 0.053741610738255036 0.032491610738255024
13 0.9375 0.85875 0.0699568965517241 0.057456896551724146
02 0.69875 0.41874999999999996 0.04499444444444434 0.01999444444444448
08 0.4875 0.340625 0.017488095238095247 0.016238095238095274
08 0.588125 0.345 0.043742977528089866 0.0499929775280899
10 0.9825 0.935 0.027495098039215682 0.024995098039215624
00 0.858125 0.8418749999999999 0.0387068965517241 0.03120689655172415
14 0.483125 0.40874999999999995 0.023728448275862013 0.052478448275862066
03 0.27375 0.243125 0.039886363636363664 0.06363636363636366
04 0.6556249999999999 0.8712500000000001 0.031235795454545467 0.029985795454545383
