10 0.23 0.676875 0.01998355263157897 0.023733552631578947
06 0.306875 0.14500000000000002 0.01624161073825503 0.054991610738255065
05 0.125 0.735625 0.01245689655172412 0.028706896551724093
11 0.46375 0.9681249999999999 0.019994444444444537 0.02874444444444435
03 0.611875 0.273125 0.021238095238095167 0.026238095238095283
19 0.505 0.8787499999999999 0.02749297752808988 0.022492977528089875
04 0.94375 0.2625 0.024995098039215735 0.017495098039215673
12 0.188125 0.7381249999999999 0.02870689655172412 0.03120689655172415
01 0.484375 0.12 0.016136363636363615 0.014886363636363628
03 0.350625 0.33999999999999997 0.02123579545454546 0.027485795454545492
