04 0.45125000000000004 0.149375 0.027483552631578922 0.018733552631578942
04 0.589375 0.781875 0.021241610738255035 0.021241610738254924
14 0.7925 0.45125 0.04495689655172419 0.03745689655172413
13 0.765625 0.518125 0.05624444444444432 0.06374444444444449
18 0.38312500000000005 0.159375 0.018738095238095276 0.02123809523809525
02 0.6875 0.453125 0.03249297752808977 0.03374297752808986
06 0.4624987745098039 0.6074999999999999 0.01999754901960782 0.024995098039215624
12 0.06625 0.245 0.029956896551724135 0.034956896551724154
06 0.568125 0.445 0.02122844827586201 0.01747844827586209
06 0.63875 0.348125 0.03488636363636366 0.06863636363636366
