03 0.0125 0.806875 0.012483552631578947 0.0362335526315789
03 0.9618770973154362 0.14125 0.016245805369127453 0.022491610738255036
00 0.4075 0.34750000000000003 0.017456896551724166 0.012456896551724161
08 0.50875 0.06812361111111112 0.022494444444444484 0.04124722222222223
12 0.535 0.7350000000000001 0.029988095238095314 0.03248809523809515
12 0.6825 0.16625 0.04499297752808995 0.04749297752808987
12 0.32375 0.93875 0.027495098039215682 0.02999509803921574
13 0.5762499999999999 0.18062499999999998 0.06245689655172415 0.046206896551724136
19 0.34562499999999996 0.698125 0.011228448275862057 0.02372844827586218
03 0.05375 0.1725 0.024886363636363637 0.01488636363636367
03 0.37375 0.264375 0.03498579545454544 0.02623579545454552
12 0.868125 0.5843750000000001 0.03371951219512204 0.03621951219512198
06 0.8712500000000001 0.06562053571428572 0.049982142857142864 0.033741071428571426
15 0.12687500000000002 0.694375 0.036237500000000006 0.02123750000000002
