14 0.869375 0.35 0.013733552631578938 0.01998355263157886
01 0.445 0.729375 0.014991610738255057 0.011241610738254915
00 0.390625 0.249375 0.01370689655172408 0.013706896551724107
12 0.370625 0.294375 0.026244444444444515 0.026244444444444404
13 0.4875 0.354375 0.017488095238095247 0.061238095238095314
13 0.254375 0.443125 0.021242977528089846 0.02624297752808985
03 0.783125 0.2075 0.0162450980392157 0.0449950980392157
01 0.13 0.95125 0.017456896551724124 0.01745689655172411
18 0.5725 0.0775 0.009978448275862029 0.012478448275862059
04 0.874375 0.70875 0.023636363636363678 0.019886363636363757
