07 0.93625 0.5774999999999999 0.04998355263157894 0.019983552631578916
15 0.5293749999999999 0.27625 0.02374161073825498 0.02999161073825507
18 0.31125 0.7275 0.012456896551724161 0.014956896551724164
04 0.255625 0.754375 0.018744444444444425 0.01124444444444439
09 0.225625 0.1775 0.016238095238095274 0.03248809523809526
06 0.77125 0.5975 0.004992977528089915 0.06999297752808986
03 0.241875 0.614375 0.018745098039215674 0.03624509803921572
03 0.46187500000000004 0.9337500000000001 0.01870689655172414 0.022456896551724115
03 0.615625 0.5543696120689655 0.03872844827586208 0.01373922413793105
14 0.5556534090909091 0.22999999999999998 0.013693181818181799 0.017386363636363672
11 0.669375 0.299375 0.023735795454545294 0.02123579545454546
14 0.943125 0.6468750000000001 0.03121951219512198 0.016219512195121966
