10 0.2425 0.58375 0.029983552631579008 0.022483552631578974
18 0.40375 0.4375 0.017491610738255003 0.01999161073825506
03 0.115625 0.941875 0.04620689655172412 0.02120689655172414
14 0.7106250000000001 0.84625 0.021244444444444288 0.037494444444444386
10 0.076875 0.175625 0.021238095238095223 0.016238095238095274
15 0.268125 0.358125 0.036242977528089804 0.0337429775280898
12 0.411875 0.888125 0.038745098039215664 0.04374509803921567
19 0.8418749999999999 0.563125 0.018706896551724195 0.04120689655172405
03 0.865625 0.12875 0.021228448275862233 0.03747844827586207
00 0.33875 0.14250000000000002 0.03738636363636366 0.024886363636363623
19 0.800625 0.8812500000000001 0.0287357954545453 0.03248579545454533
02 0.14875 0.70625 0.03496951219512198 0.03246951219512206
