15 0.8243750000000001 0.670625 0.008733552631578934 0.013733552631578938
03 0.17875000000000002 0.283125 0.024991610738255038 0.01624161073825503
15 0.428125 0.73125 0.023706896551724144 0.00995689655172416
15 0.5606249999999999 0.158125 0.023744444444444457 0.051244444444444426
01 0.74625 0.18937500000000002 0.017488095238095136 0.016238095238095246
09 0.44062500000000004 0.7775000000000001 0.021242977528089846 0.032492977528089884
05 0.255 0.609375 0.014995098039215726 0.03624509803921572
04 0.618125 0.47875 0.02120689655172414 0.014956896551724164
06 0.56 0.63 0.032478448275862104 0.06747844827586214
09 0.459375 0.183125 0.01613636363636356 0.018636363636363673
04 0.09375 0.375625 0.02248579545454546 0.016235795454545454
09 0.27 0.11624999999999999 0.019969512195121997 0.02246951219512193
20 0.431875 0.171875 0.026232142857142815 0.023732142857142813
00 0.855625 0.41874999999999996 0.023737499999999967 0.01998749999999999
