05 0.20500000000000002 0.241875 0.03498355263157896 0.023733552631578975
05 0.4212520973154362 0.085625 0.02999580536912755 0.04624161073825504
03 0.9075 0.945 0.019956896551724168 0.08995689655172412
01 0.818125 0.07625000000000001 0.016244444444444284 0.014994444444444463
20 0.155 0.265 0.02248809523809525 0.02248809523809525
13 0.653125 0.56125 0.036242977528089804 0.057492977528089906
15 0.696875 0.029375 0.018745098039215646 0.02374509803921569
03 0.404375 0.608125 0.043706896551724106 0.03120689655172415
02 0.815625 0.6025 0.018728448275862175 0.05497844827586207
03 0.038125 0.9081250000000001 0.05113636363636363 0.05863636363636371
11 0.92625 0.2975 0.037485795454545334 0.02498579545454549
03 0.656875 0.85625 0.028719512195122032 0.087469512195122
00 0.723125 0.22812500000000002 0.03373214285714288 0.02373214285714284
15 0.735625 0.653125 0.026237500000000025 0.051237499999999936
