00 0.586875 0.63 0.043733552631578854 0.037483552631578876
16 0.1875 0.33375 0.06249161073825504 0.052491610738255035
04 0.074375 0.060625 0.04870689655172414 0.046206896551724136
14 0.94 0.5325 0.057494444444444404 0.04499444444444445
13 0.435625 0.28125 0.09873809523809529 0.15498809523809529
07 0.229375 0.5062500000000001 0.041242977528089864 0.09499297752808988
06 0.040625 0.665 0.011245098039215681 0.12249509803921566
11 0.346875 0.61875 0.043706896551724106 0.02745689655172412
07 0.8725 0.01375 0.059978448275862184 0.012478448275862069
06 0.27125 0.249375 0.012386363636363695 0.1336363636363637
13 0.20375 0.316875 0.10248579545454548 0.07123579545454545
03 0.865 0.6174999999999999 0.04496951219512191 0.0399695121951219
00 0.119375 0.8043750000000001 0.04873214285714286 0.033732142857142766
06 0.31999687499999996 0.5900000000000001 0.029993749999999986 0.04498750000000007
