09 0.076875 0.04375 0.023733552631578947 0.04248355263157895
20 0.5643750000000001 0.665 0.021241610738255035 0.017491610738254892
11 0.93875 0.64625 0.032456896551724124 0.032456896551724124
01 0.24874999999999997 0.01875 0.029994444444444407 0.024994444444444444
04 0.6018749999999999 0.96 0.033738095238095345 0.02998809523809509
11 0.62125 0.36812500000000004 0.02749297752808988 0.021242977528089846
09 0.13125 0.140625 0.024995098039215694 0.023745098039215706
10 0.349375 0.35250000000000004 0.028706896551724093 0.024956896551724117
06 0.2100053879310345 0.895625 0.004989224137931014 0.07372844827586222
18 0.150625 0.579375 0.021136363636363675 0.023636363636363567
