14 0.746875 0.91625 0.018733552631578942 0.03498355263157893
07 0.875625 0.38749999999999996 0.10624161073825489 0.04499161073825503
00 0.67875 0.7168749999999999 0.04495689655172408 0.04620689655172405
10 0.63625 0.50875 0.03499444444444444 0.03249444444444449
02 0.301875 0.803125 0.06873809523809526 0.041238095238095074
07 0.473125 0.385625 0.06874297752808989 0.07124297752808983
16 0.825625 0.0675 0.05874509803921579 0.05499509803921569
08 0.5018750000000001 0.18312499999999998 0.07370689655172413 0.033706896551724125
13 0.285 0.5018750000000001 0.04497844827586206 0.1362284482758621
15 0.89375 0.22062500000000002 0.02738636363636371 0.03863636363636366
