13 0.045 0.82125 0.03748355263157895 0.17498355263157894
03 0.385625 0.05 0.01624161073825503 0.032491610738255024
04 0.139375 0.86625 0.03870689655172414 0.02745689655172412
08 0.13125 0.33687500000000004 0.02999444444444445 0.05374444444444443
04 0.051875 0.7075 0.04373809523809523 0.0399880952380951
10 0.15187499999999998 0.786875 0.031242977528089882 0.023742977528089848
17 0.730001225490196 0.43125 0.04499754901960784 0.03999509803921569
04 0.52125 0.41000000000000003 0.039956896551724075 0.027456896551724175
09 0.105625 0.8106249999999999 0.03872844827586207 0.026228448275862237
20 0.585 0.703125 0.02488636363636354 0.02113636363636373
07 0.6875 0.10875000000000001 0.08248579545454526 0.11498579545454546
20 0.385625 0.066875 0.028719512195121977 0.02871951219512195
17 0.905625 0.739375 0.043732142857142886 0.043732142857142886
