04 0.24125 0.16062500000000002 0.09748355263157898 0.08623355263157896
07 0.219375 0.8031250000000001 0.05624161073825504 0.09874161073825494
00 0.239375 0.254375 0.09370689655172415 0.07870689655172414
20 0.788125 0.6312499999999999 0.051244444444444315 0.04499444444444445
03 0.75375 0.5762499999999999 0.08248809523809508 0.20248809523809513
06 0.6925 0.38187499999999996 0.039992977528089835 0.07874297752808984
03 0.594375 0.345 0.06874509803921569 0.22499509803921566
14 0.60875 0.563125 0.08995689655172412 0.14870689655172414
03 0.57125 0.36687499999999995 0.11497844827586212 0.09372844827586208
11 0.370625 0.313125 0.07113636363636361 0.09863636363636363
18 0.6799999999999999 0.16125 0.03998579545454539 0.04498579545454545
