02 0.613125 0.203125 0.05873355263157887 0.02873355263157895
15 0.46499999999999997 0.323125 0.019991610738255006 0.02624161073825504
00 0.24375 0.278125 0.034956896551724126 0.026206896551724146
06 0.91875 0.8612500000000001 0.02499444444444443 0.019994444444444315
15 0.829375 0.6837500000000001 0.023738095238095114 0.009988095238095185
02 0.9137500000000001 0.348125 0.03749297752808978 0.018742977528089844
01 0.380625 0.6174999999999999 0.02624509803921571 0.017495098039215784
20 0.105625 0.12375 0.028706896551724134 0.02995689655172412
04 0.41312499999999996 0.64875 0.03622844827586208 0.032478448275862215
14 0.020624999999999998 0.6681250000000001 0.013636363636363637 0.07863636363636373
19 0.624375 0.58875 0.031235795454545467 0.02498579545454538
14 0.5331250000000001 0.13312500000000002 0.03621951219512198 0.05621951219512196
