04 0.82875 0.28125 0.022483552631578974 0.02498355263157892
12 0.9199999999999999 0.09312500000000001 0.03999161073825486 0.04624161073825504
13 0.49750000000000005 0.403125 0.03995689655172413 0.1012068965517241
15 0.32937500000000003 0.640625 0.023744444444444457 0.018744444444444452
15 0.385625 0.23125 0.05623809523809531 0.03498809523809529
13 0.81375 0.709375 0.07249297752808981 0.09124297752808985
13 0.509375 0.136875 0.04874509803921573 0.051245098039215675
01 0.309375 0.880625 0.036206896551724155 0.028706896551724093
03 0.900625 0.03937499999999999 0.028728448275862295 0.033728448275862064
18 0.71875 0.065 0.019886363636363757 0.022386363636363628
