11 0.456875 0.5862499999999999 0.031233552631578898 0.03248355263157887
14 0.36875 0.798125 0.029991610738255015 0.046241610738254946
13 0.14250000000000002 0.565 0.022456896551724143 0.16245689655172407
02 0.8318749999999999 0.6556249999999999 0.07124444444444433 0.033744444444444466
03 0.798125 0.446875 0.0087380952380951 0.03373809523809529
15 0.07625000000000001 0.46687500000000004 0.02499297752808989 0.01624297752808984
13 0.916875 0.299375 0.02624509803921571 0.046245098039215726
05 0.843125 0.909375 0.036206896551724155 0.02120689655172414
00 0.450625 0.45875 0.03122844827586202 0.024978448275862042
13 0.861875 0.6731250000000001 0.04113636363636364 0.08613636363636368
