04 0.33499999999999996 0.554375 0.03498355263157893 0.026233552631578894
07 0.5587479026845638 0.49624999999999997 0.05249580536912757 0.03749161073825502
14 0.8787499999999999 0.948125 0.029956896551724177 0.046206896551724164
11 0.08937500000000001 0.671875 0.026244444444444445 0.018744444444444452
08 0.495625 0.32125000000000004 0.01623809523809533 0.029988095238095258
11 0.14875 0.49749999999999994 0.024992977528089877 0.017492977528089815
10 0.06937499999999999 0.021249999999999998 0.02124509803921569 0.017495098039215687
06 0.48125 0.04625 0.09245689655172418 0.05995689655172414
08 0.98875 0.183125 0.01997844827586226 0.011228448275862057
14 0.678125 0.41375 0.018636363636363784 0.022386363636363593
14 0.323125 0.549375 0.013735795454545507 0.031235795454545467
13 0.558125 0.8775 0.03121951219512198 0.0399695121951219
07 0.44125000000000003 0.7424999999999999 0.044982142857142804 0.10248214285714285
06 0.35375 0.38687499999999997 0.0299875 0.056237499999999996
