07 0.09937499999999999 0.255625 0.05373355263157896 0.046233552631578995
04 0.060625 0.13625 0.06624161073825503 0.04499161073825504
09 0.08312499999999999 0.259375 0.05620689655172414 0.031206896551724095
06 0.235 0.0975 0.027499999999999997 0.10749444444444445
02 0.50125 0.20875 0.04248809523809527 0.049988095238095276
20 0.328125 0.83125 0.0312429775280898 0.022492977528089875
07 0.58 0.634375 0.017495098039215673 0.0787450980392157
03 0.24375 0.69625 0.019956896551724113 0.04495689655172408
03 0.15625 0.8631249999999999 0.10997844827586206 0.1112284482758622
00 0.663125 0.825625 0.04613636363636375 0.028636363636363682
18 0.56875 0.11750000000000001 0.03248579545454544 0.03498579545454547
03 0.30374999999999996 0.091875 0.034969512195121955 0.06121951219512194
20 0.50125 0.33625000000000005 0.024982142857142786 0.02248214285714284
04 0.498125 0.5331250000000001 0.03873749999999998 0.036237500000000034
