06 0.808125 0.333125 0.02873355263157884 0.031233552631578954
06 0.64375 0.80125 0.074991610738255 0.08749161073825484
13 0.205625 0.83 0.06620689655172413 0.09995689655172413
20 0.101875 0.843125 0.02374444444444447 0.026244444444444293
02 0.8687499999999999 0.48250000000000004 0.06498809523809512 0.029988095238095258
03 0.90625 0.22375 0.019992977528089817 0.02499297752808985
19 0.70375 0.676875 0.027495098039215682 0.028745098039215655
03 0.238125 0.46687500000000004 0.03370689655172415 0.041206896551724104
14 0.218125 0.02375 0.031228448275862047 0.027478448275862072
13 0.9293750000000001 0.89 0.053636363636363815 0.04238636363636372
