13 0.1925 0.11624999999999999 0.02998355263157898 0.07748355263157895
06 0.5331270973154363 0.875 0.05374580536912754 0.04999161073825498
04 0.42625 0.5081249999999999 0.019956896551724113 0.02120689655172414
10 0.328125 0.404375 0.02874444444444446 0.026244444444444515
04 0.954375 0.056874999999999995 0.01873809523809511 0.013738095238095237
00 0.23625000000000002 0.27749999999999997 0.029992977528089854 0.02999297752808988
03 0.966875 0.5774999999999999 0.038745098039215664 0.012495098039215669
15 0.17123922413793102 0.05500000000000001 0.032478448275862076 0.02245689655172415
03 0.18875 0.1275 0.04497844827586206 0.05497844827586207
15 0.15000000000000002 0.785625 0.04488636363636364 0.05613636363636376
