16 0.649375 0.095625 0.0937335526315789 0.06623355263157896
04 0.953125 0.084375 0.05874161073825501 0.05874161073825504
07 0.428125 0.6331249999999999 0.19620689655172407 0.0812068965517242
01 0.80375 0.18874999999999997 0.06499444444444435 0.062494444444444436
07 0.12312500000000001 0.3225 0.08623809523809524 0.09748809523809526
12 0.37124999999999997 0.39875 0.1124929775280899 0.06999297752808986
19 0.82125 0.65125 0.027495098039215682 0.034995098039215744
14 0.28125 0.09812499999999999 0.09745689655172415 0.04870689655172414
10 0.701875 0.9425 0.05622844827586215 0.05247844827586223
11 0.7324999999999999 0.54125 0.06988636363636369 0.05988636363636357
18 0.601875 0.35750000000000004 0.041235795454545476 0.04498579545454545
10 0.926875 0.035625 0.04871951219512205 0.041219512195121946
09 0.30937499999999996 0.760625 0.08623214285714281 0.09623214285714288
