15 0.476875 0.840625 0.04623355263157891 0.061233552631578925
20 0.45875 0.5787500000000001 0.042491610738255026 0.02999161073825507
12 0.89125 0.76875 0.057456896551724146 0.057456896551724146
14 0.345625 0.69375 0.051244444444444426 0.03499444444444433
06 0.23312500000000003 0.311875 0.06373809523809529 0.17873809523809528
10 0.82375 0.746875 0.039992977528089835 0.03874297752808986
12 0.77 0.293125 0.06249509803921571 0.06374509803921569
02 0.548125 0.566875 0.1737068965517241 0.07120689655172407
08 0.46687500000000004 0.8525 0.058728448275862044 0.05497844827586218
20 0.193125 0.7693749999999999 0.04363636363636367 0.0336363636363638
18 0.50125 0.8418749999999999 0.03248579545454544 0.0337357954545453
14 0.89875 0.77625 0.06246951219512198 0.02746951219512206
15 0.08687500000000001 0.92625 0.041232142857142856 0.09748214285714285
18 0.1825 0.9125 0.0324875 0.03498749999999995
