01 0.774375 0.29374999999999996 0.0362335526315789 0.02998355263157898
19 0.890625 0.5306249999999999 0.0537416107382549 0.06124161073825507
00 0.599375 0.521875 0.04370689655172422 0.026206896551724146
13 0.316875 0.6231249999999999 0.23624444444444448 0.22874444444444442
18 0.8975 0.925625 0.037488095238095154 0.03873809523809513
15 0.5631250000000001 0.205625 0.023742977528089848 0.04624297752808987
01 0.169375 0.39875 0.02874509803921571 0.01999509803921573
03 0.49562500000000004 0.5075000000000001 0.03120689655172415 0.1374568965517241
18 0.58375 0.5925 0.03747844827586211 0.039978448275862055
09 0.890625 0.395 0.04113636363636375 0.047386363636363615
