08 0.974375 0.56 0.01873355263157883 0.022483552631578863
14 0.17125 0.345 0.03749161073825505 0.027491610738255068
18 0.200625 0.30937499999999996 0.016206896551724137 0.01870689655172414
03 0.538125 0.636875 0.02124444444444451 0.043744444444444364
04 0.5118750000000001 0.63625 0.026238095238095283 0.02248809523809525
09 0.06375 0.26312500000000005 0.014992977528089896 0.02624297752808985
15 0.899375 0.246875 0.011245098039215695 0.0162450980392157
16 0.88625 0.20687499999999998 0.02745689655172412 0.03870689655172413
01 0.433125 0.08812500000000001 0.021228448275862066 0.023728448275862055
00 0.135 0.5625 0.029886363636363628 0.02488636363636365
02 0.538125 0.493125 0.016235795454545454 0.03623579545454547
