08 0.23 0.754375 0.024983552631578976 0.061233552631578925
02 0.739375 0.269375 0.048741610738255 0.03624161073825505
03 0.6212500000000001 0.105 0.04245689655172413 0.034956896551724126
20 0.148125 0.316875 0.03874444444444444 0.03624444444444441
15 0.8968750000000001 0.671875 0.07373809523809516 0.04373809523809502
01 0.051250000000000004 0.76875 0.024992977528089884 0.022492977528089875
06 0.32625000000000004 0.259375 0.019995098039215675 0.1337450980392157
03 0.021875000000000002 0.66875 0.03370689655172414 0.02745689655172412
12 0.589375 0.08374999999999999 0.04622844827586203 0.08997844827586207
09 0.38687499999999997 0.24 0.031136363636363573 0.05488636363636368
08 0.820625 0.4175 0.13123579545454533 0.032485795454545496
20 0.07500000000000001 0.975625 0.039969512195121945 0.03621951219512198
