07 0.49125 0.33999999999999997 0.029983552631578925 0.03748355263157893
11 0.53125 0.876875 0.03249161073825513 0.031241610738254932
00 0.436875 0.51125 0.028706896551724148 0.019956896551724057
20 0.941875 0.8674999999999999 0.023744444444444346 0.019994444444444315
07 0.43062500000000004 0.7225 0.10873809523809524 0.07998809523809514
10 0.41000000000000003 0.5856250000000001 0.027492977528089824 0.026242977528089795
10 0.32125000000000004 0.730625 0.02499509803921568 0.0162450980392157
18 0.275625 0.26187499999999997 0.01870689655172414 0.021206896551724086
03 0.181875 0.566875 0.038728448275862054 0.036228448275862135
03 0.1825 0.576875 0.04738636363636364 0.03113636363636363
