04 0.67625 0.1725 0.039983552631578934 0.032483552631578955
01 0.6675 0.461875 0.06749161073825505 0.04624161073825506
14 0.143125 0.206875 0.038706896551724115 0.04870689655172411
06 0.649375 0.698125 0.016244444444444395 0.061244444444444435
14 0.7424999999999999 0.255 0.024988095238095087 0.04998809523809525
09 0.855 0.71625 0.039992977528089835 0.032492977528089884
00 0.5762499999999999 0.30125 0.042495098039215695 0.03499509803921569
07 0.34562499999999996 0.256875 0.12370689655172412 0.09620689655172412
13 0.378125 0.138125 0.07622844827586206 0.07122844827586206
06 0.09625 0.729375 0.037386363636363634 0.033636363636363686
09 0.76875 0.798125 0.034985795454545277 0.048735795454545316
12 0.9137500000000001 0.226875 0.04996951219512191 0.05621951219512197
18 0.335 0.6475 0.029982142857142846 0.03248214285714279
