07 0.605 0.84125 0.10748355263157894 0.11498355263157889
00 0.8125 0.4775 0.069991610738255 0.06249161073825504
10 0.858125 0.725 0.036206896551724155 0.02745689655172412
13 0.71625 0.33875 0.24249444444444446 0.08249444444444448
02 0.4606279761904762 0.49375 0.056244047619047666 0.05248809523809528
02 0.22625 0.495 0.05999297752808985 0.08499297752808982
04 0.631875 0.526875 0.06124509803921574 0.04374509803921567
20 0.7293750000000001 0.15812500000000002 0.06370689655172412 0.043706896551724134
08 0.690625 0.215 0.028728448275862184 0.09997844827586205
05 0.12690340909090908 0.660625 0.05869318181818181 0.05613636363636365
20 0.401875 0.30874999999999997 0.04373579545454548 0.032485795454545496
