02 0.10437911184210527 0.870625 0.013741776315789475 0.023733552631578947
07 0.911875 0.85625 0.04124161073825494 0.05499161073825498
00 0.7075 0.375 0.01745689655172411 0.012456896551724106
15 0.706875 0.6975 0.013744444444444337 0.019994444444444426
18 0.69875 0.29000000000000004 0.017488095238095136 0.01998809523809525
10 0.71875 0.62375 0.024992977528089932 0.022492977528089875
01 0.33625 0.156875 0.027495098039215682 0.021245098039215676
02 0.161875 0.2975 0.013706896551724135 0.04745689655172414
12 0.7125 0.59875 0.032478448275862215 0.05247844827586201
07 0.845 0.2174715909090909 0.057386363636363735 0.032443181818181815
