02 0.34125 0.659375 0.037483552631578876 0.023733552631578836
15 0.515 0.7475 0.034991610738255075 0.032491610738254906
08 0.26 0.36250000000000004 0.05245689655172414 0.03995689655172413
20 0.27749999999999997 0.826875 0.03749444444444444 0.026244444444444404
17 0.18562499999999998 0.024375 0.026238095238095255 0.031238095238095235
10 0.954375 0.29500000000000004 0.023742977528089848 0.019992977528089872
15 0.57375 0.49749999999999994 0.024995098039215735 0.047495098039215644
14 0.703125 0.75375 0.04870689655172411 0.02745689655172412
01 0.333125 0.324375 0.02622844827586207 0.018728448275862064
08 0.21437499999999998 0.1225 0.04863636363636367 0.024886363636363637
