15 0.518125 0.71375 0.01123355263157888 0.017483552631578858
11 0.974375 0.436875 0.026241610738254817 0.018741610738255032
09 0.414375 0.2825 0.023706896551724088 0.027456896551724175
18 0.764375 0.6443749999999999 0.013744444444444337 0.016244444444444395
13 0.3225 0.304375 0.0724880952380953 0.03623809523809529
17 0.346875 0.14687499999999998 0.023742977528089848 0.026242977528089878
14 0.59 0.811875 0.049995098039215646 0.0162450980392157
04 0.3825 0.9806250000000001 0.02745689655172412 0.023706896551724088
04 0.718125 0.634375 0.02372844827586218 0.018728448275862064
18 0.049375 0.593125 0.013636363636363634 0.016136363636363615
