11 0.115 0.86 0.032483552631578955 0.027483552631578867
08 0.826875 0.85 0.03624161073825494 0.032491610738254906
04 0.94875 0.35875 0.029956896551724066 0.024956896551724117
13 0.425 0.7281249999999999 0.0424944444444445 0.02874444444444435
07 0.661875 0.15937500000000002 0.03873809523809513 0.04373809523809524
11 0.77625 0.905625 0.024992977528089932 0.026242977528089906
11 0.49312500000000004 0.74 0.031245098039215657 0.02999509803921563
02 0.98 0.48750000000000004 0.029956896551724066 0.04745689655172419
06 0.7175 0.37312500000000004 0.0174784482758622 0.021228448275862066
07 0.433125 0.385625 0.02613636363636357 0.03613636363636363
