06 0.027500000000000004 0.29625 0.02748355263157895 0.01998355263157897
02 0.660625 0.5506249999999999 0.04124161073825505 0.028741610738255097
18 0.1775 0.028124999999999997 0.022456896551724143 0.026206896551724132
05 0.61375 0.285625 0.029994444444444435 0.03374444444444441
04 0.1675 0.41875 0.04248809523809527 0.037488095238095265
06 0.609375 0.49 0.036242977528089915 0.019992977528089817
04 0.40125 0.87375 0.032495098039215686 0.022495098039215677
15 0.47562499999999996 0.455625 0.02620689655172409 0.046206896551724164
03 0.7887500000000001 0.6400000000000001 0.04497844827586228 0.06247844827586213
15 0.62 0.511875 0.014886363636363642 0.03363636363636363
11 0.223125 0.84125 0.031235795454545467 0.029985795454545383
