11 0.75125 0.051250000000000004 0.037483552631578876 0.029983552631578952
15 0.626875 0.5743750000000001 0.038741610738254995 0.018741610738255088
00 0.121875 0.48624999999999996 0.04120689655172413 0.03745689655172407
14 0.28 0.896875 0.019994444444444426 0.043744444444444364
11 0.4825 0.28500000000000003 0.03998809523809521 0.02748809523809531
01 0.075625 0.9524999999999999 0.04874297752808989 0.03499297752808983
05 0.353125 0.405 0.03624509803921566 0.03749509803921569
17 0.353125 0.286875 0.041206896551724104 0.043706896551724106
11 0.698125 0.14625 0.038728448275862304 0.03747844827586208
03 0.37374999999999997 0.54125 0.15488636363636366 0.10738636363636367
06 0.5974999999999999 0.815 0.01498579545454548 0.029985795454545383
04 0.14250000000000002 0.27375 0.04246951219512196 0.03746951219512196
09 0.05875 0.04125 0.06248214285714286 0.05998214285714286
15 0.136875 0.401875 0.03873750000000002 0.05123749999999999
