15 0.860625 0.1 0.05373355263157886 0.03998355263157895
13 0.164375 0.7675000000000001 0.08874161073825504 0.05499161073825498
18 0.178125 0.29125 0.016206896551724137 0.01745689655172411
08 0.28375 0.084375 0.012494444444444475 0.041244444444444445
12 0.32875 0.225 0.03498809523809526 0.04248809523809527
03 0.858125 0.865625 0.0312429775280898 0.026242977528089906
01 0.10250000000000001 0.7250000000000001 0.012495098039215682 0.012495098039215669
11 0.9768749999999999 0.980625 0.028706896551724204 0.018706896551724084
14 0.5675 0.37375 0.029978448275862046 0.02247844827586204
16 0.8687499999999999 0.759375 0.03738636363636372 0.0386363636363638
01 0.30625 0.968125 0.014985795454545425 0.013735795454545396
20 0.8356250000000001 0.61 0.016219512195121966 0.012469512195121935
07 0.44062500000000004 0.9724999999999999 0.058732142857142844 0.03248214285714279
