10 0.495 0.610625 0.02998355263157887 0.02873355263157895
01 0.688125 0.715625 0.018741610738254977 0.011241610738254915
07 0.69375 0.83875 0.05995689655172409 0.01745689655172411
15 0.353125 0.06625 0.021244444444444455 0.05499444444444446
03 0.856875 0.31375 0.02873809523809523 0.02748809523809531
20 0.804375 0.95 0.018742977528089844 0.01749297752808987
07 0.9299999999999999 0.849375 0.0674950980392156 0.0162450980392157
20 0.40249999999999997 0.724375 0.014956896551724108 0.011206896551724133
00 0.706875 0.505 0.021228448275862233 0.01747844827586209
06 0.6681250000000001 0.896875 0.026136363636363735 0.12363636363636377
10 0.723125 0.29000000000000004 0.0287357954545453 0.027485795454545492
