10 0.9225 0.463125 0.03248355263157898 0.028733552631578896
07 0.956875 0.931875 0.08374161073825492 0.11874161073825484
13 0.31125 0.12687500000000002 0.09495689655172418 0.02870689655172412
03 0.26125 0.050625 0.029994444444444407 0.02374444444444445
03 0.12875 0.04375 0.04498809523809523 0.042488095238095235
09 0.496875 0.385625 0.0212429775280899 0.05124297752808982
04 0.34875 0.21687499999999998 0.03749509803921569 0.03624509803921569
11 0.21875 0.4875 0.044956896551724135 0.03495689655172407
03 0.701875 0.859375 0.05122844827586226 0.04872844827586231
12 0.356875 0.04625 0.043636363636363584 0.05238636363636364
