18 0.8999999999999999 0.70375 0.019983552631578916 0.022483552631578974
04 0.3175 0.848125 0.024991610738255066 0.018741610738254977
13 0.481875 0.70625 0.07620689655172408 0.03745689655172413
02 0.30500000000000005 0.341875 0.03749444444444444 0.043744444444444475
18 0.565625 0.23375 0.023738095238095336 0.027488095238095284
15 0.6375 0.8612500000000001 0.029992977528089937 0.014992977528089813
03 0.585 0.8025 0.017495098039215673 0.024995098039215735
14 0.613135775862069 0.831875 0.036228448275862024 0.018706896551724084
08 0.2849946120689655 0.9537500000000001 0.044989224137930994 0.04747844827586223
11 0.079375 0.304375 0.03113636363636363 0.03113636363636363
