12 0.8518749999999999 0.22375 0.018733552631578942 0.022483552631578974
13 0.9356249999999999 0.7050000000000001 0.04874161073825489 0.059991610738254875
04 0.0275 0.27749999999999997 0.024956896551724138 0.017456896551724166
02 0.37312500000000004 0.30500000000000005 0.018744444444444508 0.044994444444444504
18 0.89125 0.931875 0.01498809523809519 0.016238095238095163
04 0.229375 0.129375 0.023742977528089848 0.021242977528089887
04 0.911875 0.26875 0.018745098039215646 0.017495098039215673
00 0.294375 0.689375 0.016206896551724137 0.016206896551724137
15 0.080625 0.521875 0.008728448275862055 0.02122844827586201
09 0.51 0.333125 0.019886363636363535 0.02113636363636362
14 0.8162499999999999 0.640625 0.012485795454545312 0.02873579545454541
04 0.688125 0.09875 0.023719512195121917 0.01746951219512194
06 0.15125 0.30062500000000003 0.04748214285714286 0.03373214285714282
10 0.688125 0.475 0.018737500000000074 0.02248750000000005
