14 0.374375 0.80125 0.016233552631578885 0.027483552631578867
06 0.80125 0.263125 0.02999161073825496 0.09124161073825507
04 0.5393749999999999 0.9225 0.026206896551724035 0.024956896551724173
06 0.20124999999999998 0.701875 0.05499444444444443 0.026244444444444404
14 0.5231250000000001 0.6387499999999999 0.031238095238095176 0.02248809523809514
03 0.9493750000000001 0.620625 0.01374297752808984 0.02124297752808979
03 0.7575000000000001 0.985625 0.009995098039215722 0.013745098039215642
15 0.7949999999999999 0.808125 0.029956896551724177 0.028706896551724093
14 0.16061961206896552 0.031875 0.02373922413793103 0.026228448275862064
18 0.87125 0.913125 0.012386363636363695 0.01363636363636378
