12 0.7887500000000001 0.8787499999999999 0.039983552631578934 0.029983552631578925
03 0.34125 0.26937500000000003 0.012491610738254999 0.02874161073825504
07 0.156875 0.54625 0.05370689655172414 0.039956896551724075
06 0.965625 0.33937500000000004 0.05374444444444437 0.08124444444444445
06 0.6525 0.9425 0.06248809523809529 0.0399880952380951
05 0.076875 0.5762499999999999 0.013742977528089895 0.022492977528089875
11 0.0225 0.7406250000000001 0.024995098039215687 0.02374509803921565
20 0.3175 0.0225 0.019956896551724168 0.014956896551724136
05 0.8375 0.174375 0.024978448275862153 0.028728448275862073
00 0.194375 0.86375 0.018636363636363673 0.014886363636363753
06 0.5350035511363636 0.12812500000000002 0.014992897727272747 0.023735795454545475
13 0.07375 0.118125 0.022469512195121943 0.07121951219512193
