07 0.943125 0.86 0.016233552631578885 0.02498355263157892
03 0.77125 0.895625 0.017491610738254892 0.02374161073825487
14 0.1 0.13874999999999998 0.03245689655172414 0.017456896551724138
18 0.77875 0.186875 0.012494444444444253 0.016244444444444422
03 0.6781250000000001 0.61 0.023738095238095114 0.02248809523809525
01 0.924375 0.08499999999999999 0.008742977528089946 0.009992977528089877
03 0.57125 0.8043750000000001 0.024995098039215624 0.036245098039215606
01 0.8362499999999999 0.34750000000000003 0.014956896551724053 0.014956896551724108
03 0.73 0.7068749999999999 0.00997844827586225 0.01622844827586223
06 0.201875 0.53375 0.04113636363636369 0.03488636363636355
18 0.36 0.25375000000000003 0.01498579545454548 0.017485795454545483
07 0.495625 0.178125 0.033719512195121926 0.02121951219512197
15 0.219375 0.56375 0.02123214285714284 0.029982142857142846
