07 0.16 0.33999999999999997 0.012483552631578965 0.034983552631578874
00 0.549375 0.361875 0.021241610738255035 0.018741610738255088
16 0.45499999999999996 0.6581250000000001 0.019956896551724113 0.028706896551724204
11 0.75875 0.010624999999999999 0.019994444444444315 0.016244444444444443
14 0.826875 0.5393749999999999 0.011238095238095158 0.01873809523809522
12 0.704375 0.455625 0.026242977528089906 0.028742977528089853
02 0.4525 0.64625 0.01499509803921567 0.017495098039215673
13 0.46125 0.819375 0.06245689655172415 0.0337068965517241
04 0.870625 0.061875 0.02372844827586218 0.021228448275862066
10 0.46625000000000005 0.974375 0.0298863636363636 0.03113636363636374
11 0.364375 0.565 0.028735795454545465 0.019985795454545374
08 0.49750000000000005 0.720625 0.022469512195122 0.011219512195121961
10 0.9243794642857143 0.1275 0.016241071428571452 0.014982142857142874
10 0.12875 0.025625000000000002 0.0149875 0.0137375
