18 0.055625 0.415625 0.02373355263157896 0.026233552631578894
07 0.16562290268456376 0.021875 0.026245805369127517 0.036241610738255034
03 0.569375 0.6475 0.043706896551724106 0.04495689655172408
04 0.52375 0.1325 0.027494444444444488 0.019994444444444454
20 0.785625 0.46499999999999997 0.028738095238095118 0.022488095238095307
13 0.595 0.51 0.04249297752808989 0.049992977528089844
00 0.2975 0.63 0.02499509803921568 0.02249509803921579
03 0.9568749999999999 0.08249999999999999 0.03120689655172415 0.04495689655172413
05 0.640625 0.535625 0.02372844827586207 0.03122844827586202
14 0.31875 0.538125 0.04488636363636367 0.03863636363636358
01 0.685 0.536875 0.017485795454545427 0.018735795454545512
03 0.76875 0.22999999999999998 0.04496951219512202 0.05246951219512197
00 0.924375 0.27625 0.036232142857142935 0.03248214285714279
