11 0.919375 0.9706250000000001 0.04123355263157891 0.043733552631578854
05 0.57875 0.7949999999999999 0.02249161073825512 0.05749161073825493
12 0.374375 0.6937500000000001 0.053706896551724115 0.05245689655172414
09 0.878125 0.206875 0.051244444444444315 0.061244444444444435
06 0.5962470238095239 0.369375 0.034994047619047675 0.10123809523809524
08 0.944375 0.12562324438202246 0.03124297752808991 0.04374648876404495
13 0.070625 0.39625 0.028745098039215697 0.1099950980392157
09 0.968125 0.699375 0.0387068965517241 0.028706896551724093
05 0.395 0.759375 0.052478448275862066 0.03372844827586219
20 0.49125 0.8225 0.029886363636363655 0.02488636363636365
