15 0.459375 0.505 0.011233552631578936 0.017483552631578858
05 0.860625 0.766875 0.026241610738254928 0.028741610738254875
18 0.46687500000000004 0.193125 0.01870689655172414 0.021206896551724114
15 0.51125 0.856875 0.027494444444444488 0.041244444444444306
11 0.45375 0.89625 0.024988095238095254 0.017488095238095136
01 0.018750000000000003 0.085625 0.01749297752808989 0.01374297752808988
06 0.95375 0.635625 0.04499509803921575 0.07124509803921564
17 0.3575 0.52625 0.02745689655172412 0.029956896551724066
11 0.49 0.029375000000000002 0.0274784482758621 0.021228448275862073
12 0.049375 0.28875 0.05363636363636363 0.04988636363636367
19 0.6537499999999999 0.553125 0.027485795454545547 0.018735795454545512
08 0.9806250000000001 0.7050000000000001 0.016219512195121966 0.03746951219512196
13 0.34062499999999996 0.6881250000000001 0.028732142857142817 0.061232142857142846
04 0.3175 0.24875000000000003 0.022487499999999994 0.02248750000000002
