14 0.819375 0.43125 0.031233552631578898 0.022483552631578918
07 0.38812500000000005 0.58875 0.03874161073825505 0.12499161073825493
02 0.5549892241379311 0.7737499999999999 0.029978448275862046 0.04245689655172413
13 0.3125 0.18187499999999998 0.12999444444444447 0.18374444444444443
13 0.524375 0.940625 0.07373809523809532 0.07373809523809516
08 0.32499999999999996 0.3943732443820225 0.052492977528089846 0.04124648876404491
15 0.6562487745098039 0.9806250000000001 0.039997549019607836 0.021245098039215704
01 0.6481250000000001 0.875 0.0337068965517241 0.032456896551724235
00 0.2475 0.313125 0.052478448275862094 0.03622844827586208
15 0.35125 0.963125 0.054886363636363567 0.03113636363636374
11 0.6537499999999999 0.6381249999999999 0.037485795454545334 0.023735795454545405
12 0.37625 0.871875 0.052469512195122026 0.053719512195122054
