00 0.8981250000000001 0.8943749999999999 0.04123355263157891 0.031233552631578898
12 0.714375 0.5431250000000001 0.03624161073825494 0.06374161073825502
05 0.5675 0.88 0.014956896551724164 0.02745689655172412
14 0.6000000000000001 0.5387500000000001 0.022494444444444484 0.022494444444444484
05 0.395625 0.236875 0.026238095238095283 0.03623809523809529
14 0.264375 0.565 0.03624297752808986 0.027492977528089768
01 0.669375 0.30125 0.031245098039215713 0.022495098039215677
07 0.489375 0.81125 0.046206896551724164 0.024956896551724173
00 0.611875 0.81375 0.036228448275862024 0.024978448275862153
03 0.659375 0.109375 0.03113636363636374 0.016136363636363643
