12 0.669375 0.811875 0.02123355263157889 0.023733552631578947
11 0.579375 0.66625 0.021241610738255035 0.022491610738254897
03 0.089375 0.6425 0.011206896551724133 0.01745689655172411
20 0.66625 0.31 0.009994444444444417 0.00749444444444447
03 0.296875 0.95625 0.026238095238095283 0.03248809523809515
15 0.8512500000000001 0.695625 0.004992977528089804 0.018742977528089844
05 0.400625 0.416875 0.013745098039215697 0.021245098039215704
06 0.119375 0.340625 0.021206896551724114 0.0337068965517241
07 0.84875 0.788125 0.03497844827586216 0.026228448275862237
01 0.940625 0.3775 0.008636363636363664 0.00738636363636358
