15 0.47750000000000004 0.788125 0.017483552631578914 0.02873355263157895
20 0.32437499999999997 0.08937500000000001 0.02124161073825509 0.023741610738255037
13 0.528125 0.59 0.026206896551724146 0.06745689655172415
19 0.961875 0.7262500000000001 0.02874444444444435 0.017494444444444368
11 0.08374999999999999 0.5531250000000001 0.027488095238095242 0.016238095238095274
20 0.703125 0.37625 0.02374297752808996 0.024992977528089877
01 0.280625 0.15875 0.02624509803921571 0.022495098039215677
13 0.48250000000000004 0.8512500000000001 0.04745689655172419 0.014956896551724053
10 0.638125 0.9225 0.021228448275862122 0.022478448275862206
12 0.683125 0.64375 0.03113636363636374 0.03238636363636371
18 0.506875 0.6937500000000001 0.018735795454545456 0.02248579545454532
