17 0.50125 0.785625 0.057483552631578894 0.061233552631578925
03 0.5293749999999999 0.2325 0.02374161073825498 0.06999161073825505
01 0.10500000000000001 0.11499999999999999 0.02495689655172413 0.019956896551724126
03 0.6725 0.1825 0.04499444444444434 0.04999444444444445
14 0.48624999999999996 0.374375 0.042488095238095214 0.06623809523809526
11 0.949375 0.03375 0.04124297752808981 0.04749297752808989
06 0.39937500000000004 0.27 0.1287450980392157 0.08749509803921568
10 0.961875 0.6487499999999999 0.0337068965517241 0.029956896551724177
07 0.365625 0.548125 0.06372844827586205 0.043728448275862086
03 0.6400000000000001 0.12125 0.04988636363636367 0.032386363636363644
