05 0.04125 0.0975 0.019983552631578957 0.049983552631578956
06 0.990625 0.54 0.011241610738254915 0.034991610738255075
20 0.87375 0.503125 0.032456896551724124 0.0337068965517241
10 0.280625 0.175625 0.03374444444444441 0.031244444444444408
12 0.51625 0.078125 0.06748809523809535 0.06873809523809524
11 0.6487499999999999 0.73375 0.039992977528089946 0.03749297752808989
15 0.1425 0.83125 0.04249509803921568 0.024995098039215624
15 0.7181249999999999 0.69625 0.02120689655172414 0.04745689655172414
06 0.85875 0.331875 0.02997844827586227 0.018728448275862064
10 0.09875 0.08124999999999999 0.03488636363636363 0.024886363636363637
17 0.8500000000000001 0.58375 0.03248579545454533 0.0399857954545455
06 0.12437500000000001 0.09812499999999999 0.13621951219512196 0.03371951219512194
10 0.11375 0.09625 0.02498214285714287 0.01498214285714286
