13 0.919375 0.365 0.04123355263157891 0.16748355263157894
06 0.591875 0.579375 0.056241610738255066 0.101241610738255
18 0.369375 0.118125 0.028706896551724093 0.031206896551724123
03 0.580625 0.4225 0.08374444444444451 0.0399944444444445
03 0.83875 0.75 0.07998809523809514 0.044988095238095216
00 0.3175 0.8981250000000001 0.03499297752808983 0.026242977528089795
04 0.25625 0.245 0.0449950980392157 0.05499509803921568
02 0.054375 0.74875 0.06620689655172414 0.019956896551724168
13 0.858125 0.703125 0.09122844827586218 0.06872844827586211
00 0.49875 0.07062500000000001 0.04988636363636362 0.031136363636363636
14 0.903125 0.2375 0.05373579545454532 0.029985795454545466
03 0.5731250000000001 0.325 0.026219512195121975 0.03496951219512201
04 0.93125 0.7075 0.0374821428571428 0.032482142857142904
05 0.87625 0.468125 0.027487499999999998 0.053737499999999994
