13 0.410625 0.264375 0.13123355263157893 0.06623355263157898
12 0.40375 0.363125 0.08749161073825507 0.09874161073825505
15 0.39625 0.24125 0.05245689655172414 0.04995689655172414
20 0.86625 0.023125 0.0624944444444443 0.04374444444444445
02 0.700625 0.65875 0.06873809523809504 0.12998809523809518
12 0.909375 0.521875 0.0837429775280899 0.09124297752808985
14 0.13437500000000002 0.25375000000000003 0.041245098039215694 0.05999509803921571
20 0.9137500000000001 0.6387499999999999 0.049956896551724195 0.03495689655172407
06 0.835625 0.65625 0.053728448275862206 0.1424784482758622
06 0.33624999999999994 0.410625 0.12238636363636363 0.11113636363636359
