07 0.29562499999999997 0.53375 0.09123355263157895 0.04248355263157888
20 0.176875 0.860625 0.04124161073825505 0.038741610738254884
06 0.8025 0.68875 0.01745689655172411 0.10995689655172414
04 0.52125 0.22812500000000002 0.047494444444444506 0.04624444444444445
03 0.065 0.6593749999999999 0.10498809523809524 0.0562380952380952
04 0.5625 0.06375 0.049992977528089844 0.024992977528089884
10 0.34875 0.11374999999999999 0.03749509803921569 0.03749509803921568
15 0.5162500000000001 0.48125 0.022456896551724115 0.039956896551724186
14 0.2912446120689655 0.77625 0.09998922413793102 0.03747844827586211
05 0.09252840909090909 0.67875 0.042443181818181824 0.03738636363636372
11 0.095 0.10250000000000001 0.05498579545454546 0.047485795454545454
13 0.11375000000000002 0.3175 0.10246951219512197 0.10996951219512197
