11 0.778125 0.265625 0.02123355263157889 0.018733552631578942
00 0.933125 0.315 0.02374161073825487 0.01999161073825506
03 0.15625 0.600625 0.01745689655172411 0.018706896551724195
06 0.8087500000000001 0.6074999999999999 0.009994444444444306 0.06499444444444447
06 0.921875 0.36250000000000004 0.023738095238095225 0.024988095238095254
04 0.15875 0.396875 0.01749297752808987 0.01624297752808984
16 0.03 0.75375 0.022495098039215688 0.03749509803921569
12 0.4225 0.451875 0.022456896551724115 0.023706896551724144
14 0.765625 0.839375 0.028728448275862295 0.03122844827586224
03 0.969375 0.84875 0.013636363636363669 0.039886363636363775
07 0.7975000000000001 0.7075 0.03248579545454533 0.01498579545454537
13 0.68375 0.485625 0.04996951219512202 0.05121951219512194
