06 0.59 0.373125 0.03498355263157893 0.02123355263157889
20 0.35062499999999996 0.098125 0.02874161073825504 0.031241610738255043
03 0.68875 0.78125 0.04495689655172408 0.03495689655172418
11 0.6837500000000001 0.8131250000000001 0.029994444444444324 0.01874444444444434
18 0.23125 0.8531249999999999 0.019988095238095277 0.023738095238095114
20 0.02875 0.7250000000000001 0.01749297752808989 0.014992977528089813
20 0.9637500000000001 0.876875 0.032495098039215686 0.02624509803921571
15 0.77125 0.943125 0.012456896551724217 0.026206896551724146
03 0.31375 0.848125 0.029978448275862102 0.021228448275862233
06 0.66625 0.31625 0.03238636363636371 0.08238636363636365
10 0.808125 0.5587500000000001 0.021235795454545348 0.01498579545454548
01 0.25875 0.106875 0.024969512195121973 0.01871951219512194
13 0.36812500000000004 0.59625 0.05373214285714284 0.039982142857142855
