06 0.22999999999999998 0.8575 0.09998355263157896 0.037483552631578876
19 0.23375 0.9393750000000001 0.03749161073825505 0.03624161073825494
11 0.43562500000000004 0.029375 0.028706896551724148 0.023706896551724133
10 0.848125 0.881875 0.031244444444444408 0.021244444444444288
10 0.5874999999999999 0.630625 0.02498809523809531 0.023738095238095225
03 0.39249999999999996 0.15 0.019992977528089872 0.022492977528089875
12 0.25125000000000003 0.328125 0.02749509803921571 0.031245098039215713
02 0.165 0.6375 0.03745689655172413 0.05245689655172414
00 0.290625 0.575 0.031228448275862075 0.029978448275862046
15 0.535625 0.206875 0.016136363636363615 0.013636363636363669
