18 0.7375 0.154375 0.02498355263157892 0.02873355263157895
12 0.25625 0.7737499999999999 0.04999161073825503 0.05249161073825481
11 0.495 0.42625 0.039956896551724075 0.032456896551724124
20 0.030625 0.024999999999999998 0.018744444444444442 0.014994444444444442
18 0.6275 0.136875 0.022488095238095362 0.023738095238095225
03 0.58375 0.6156250000000001 0.08749297752808993 0.10624297752808987
08 0.25625 0.46625 0.02499509803921568 0.027495098039215682
18 0.499375 0.463125 0.026206896551724146 0.028706896551724093
12 0.7381249999999999 0.811875 0.056228448275862264 0.07622844827586217
18 0.5974999999999999 0.66625 0.022386363636363593 0.02488636363636365
10 0.73875 0.8062499999999999 0.017485795454545316 0.012485795454545312
12 0.868125 0.7050000000000001 0.07371951219512196 0.047469512195121966
18 0.343125 0.623125 0.023732142857142813 0.026232142857142815
