03 0.460625 0.349375 0.013733552631578938 0.018733552631578887
02 0.48 0.49312500000000004 0.022491610738255063 0.03874161073825505
03 0.39875 0.21437499999999998 0.012456896551724106 0.02870689655172412
12 0.253125 0.046875 0.03374444444444444 0.03624444444444444
02 0.37250000000000005 0.246875 0.03998809523809527 0.048738095238095275
00 0.10500000000000001 0.535625 0.02499297752808989 0.016242977528089897
13 0.04000000000000001 0.31 0.057495098039215695 0.0474950980392157
14 0.755625 0.311875 0.016206896551724137 0.023706896551724144
04 0.3275 0.5874999999999999 0.027478448275862044 0.024978448275862042
10 0.9 0.2925 0.04238636363636372 0.039886363636363664
