01 0.268125 0.060625 0.013733552631578938 0.01623355263157896
06 0.259375 0.47687500000000005 0.006241610738255077 0.07874161073825509
11 0.06812499999999999 0.95875 0.02870689655172414 0.01745689655172411
04 0.309375 0.25687499999999996 0.02874444444444446 0.028744444444444406
10 0.33499999999999996 0.921875 0.024988095238095254 0.01873809523809511
10 0.5606249999999999 0.72125 0.026242977528089795 0.029992977528089937
08 0.64125 0.821875 0.02999509803921563 0.02624509803921571
04 0.051250000000000004 0.9550000000000001 0.027456896551724147 0.02495689655172406
04 0.6699999999999999 0.55 0.024978448275862264 0.022478448275862095
03 0.744375 0.149375 0.04613636363636375 0.03113636363636363
20 0.244375 0.38312500000000005 0.02123579545454546 0.02373579545454546
