00 0.195625 0.21187499999999998 0.05123355263157897 0.033733552631578984
04 0.15125 0.703125 0.04249161073825505 0.04124161073825494
05 0.384375 0.37625 0.048706896551724166 0.052456896551724086
11 0.11125 0.305 0.03999444444444447 0.03249444444444438
11 0.224375 0.303125 0.036238095238095264 0.02373809523809528
07 0.21375 0.465625 0.02749297752808985 0.1362429775280899
10 0.46875 0.715 0.042495098039215695 0.024995098039215735
09 0.885 0.51 0.03495689655172418 0.04495689655172419
12 0.7037500000000001 0.819375 0.04747844827586223 0.08372844827586223
20 0.474375 0.7362500000000001 0.016136363636363615 0.0173863636363637
15 0.37 0.916875 0.04248579545454545 0.058735795454545325
10 0.52125 0.091875 0.03746951219512207 0.02871951219512195
05 0.50875 0.55125 0.03498214285714285 0.05498214285714287
15 0.35375 0.323125 0.047487500000000016 0.04623750000000004
