19 0.44375 0.8975 0.022483552631578918 0.027483552631578867
14 0.214375 0.035 0.03874161073825505 0.019991610738255026
15 0.22625 0.9725 0.02995689655172412 0.03745689655172413
18 0.7731250000000001 0.436875 0.01124444444444428 0.013744444444444504
13 0.0325 0.55375 0.04748809523809523 0.029988095238095203
04 0.175 0.071875 0.022492977528089847 0.018742977528089885
19 0.840625 0.42500000000000004 0.02624509803921571 0.03499509803921569
09 0.756875 0.821875 0.016206896551724137 0.028706896551724093
03 0.30125 0.406875 0.01247844827586203 0.021228448275862066
20 0.751875 0.72125 0.02113636363636373 0.022386363636363815
08 0.26875 0.040624999999999994 0.01498579545454548 0.026235795454545456
