01 0.74 0.643125 0.029983552631578814 0.02873355263157895
09 0.34625 0.484375 0.05749161073825504 0.028741610738255097
03 0.6000000000000001 0.36312500000000003 0.022456896551724115 0.021206896551724086
12 0.133125 0.7675000000000001 0.04624444444444446 0.04249444444444428
20 0.07750000000000001 0.400625 0.017488095238095233 0.018738095238095276
07 0.5700000000000001 0.64125 0.012492977528089866 0.0474929775280899
06 0.9512499999999999 0.373125 0.04499509803921564 0.0787450980392157
04 0.475 0.72125 0.019956896551724113 0.01745689655172422
03 0.43437499999999996 0.030625 0.02622844827586207 0.043728448275862065
13 0.27125 0.42 0.04488636363636367 0.11488636363636362
