09 0.23062500000000002 0.33375 0.021233552631578972 0.022483552631578918
03 0.6625 0.38375 0.009991610738254941 0.05749161073825504
01 0.76 0.41812499999999997 0.012456896551724217 0.00870689655172413
12 0.37875 0.2625 0.0374944444444445 0.039994444444444444
02 0.14 0.7975000000000001 0.05748809523809524 0.08498809523809514
03 0.399375 0.240625 0.023742977528089848 0.02624297752808985
18 0.24375 0.34062499999999996 0.019995098039215675 0.023745098039215706
06 0.175 0.90625 0.014956896551724136 0.08495689655172423
20 0.801875 0.5825 0.02372844827586218 0.019978448275862037
11 0.698125 0.360625 0.028636363636363793 0.021136363636363564
03 0.27749999999999997 0.241875 0.0374857954545455 0.038735795454545446
