15 0.438125 0.8925000000000001 0.018733552631578887 0.029983552631578925
06 0.8693770973154362 0.8668750000000001 0.09624580536912741 0.013741610738254972
17 0.4825 0.6074999999999999 0.032456896551724124 0.03495689655172407
04 0.7793749999999999 0.323125 0.02874444444444435 0.023744444444444457
01 0.8025 0.6775 0.02248809523809514 0.02248809523809514
14 0.46625 0.094375 0.02749297752808988 0.046242977528089896
12 0.818125 0.76625 0.028745098039215655 0.034995098039215744
14 0.45625000000000004 0.8243750000000001 0.03995689655172413 0.023706896551724088
20 0.781875 0.415625 0.018728448275862286 0.021228448275862066
00 0.235625 0.354375 0.031136363636363684 0.02113636363636362
13 0.05312499999999999 0.7250000000000001 0.053735795454545446 0.03248579545454533
05 0.12875 0.859375 0.034969512195121955 0.02121951219512197
10 0.06687499999999999 0.795 0.016232142857142848 0.014982142857142833
