01 0.40875 0.8325 0.019983552631578916 0.014983552631578911
16 0.12 0.2975 0.024991610738255052 0.024991610738255066
04 0.35875 0.51625 0.024956896551724117 0.024956896551724173
01 0.793125 0.36 0.013744444444444337 0.012494444444444475
08 0.5925 0.8162499999999999 0.019988095238095305 0.024988095238095087
12 0.063125 0.70625 0.023742977528089883 0.027492977528089768
07 0.04375 0.8200000000000001 0.032495098039215686 0.03499509803921563
00 0.8362499999999999 0.5 0.022456896551724115 0.019956896551724113
14 0.454375 0.2825 0.023728448275862013 0.044978448275862115
13 0.678125 0.148125 0.028636363636363793 0.048636363636363644
14 0.926875 0.42500000000000004 0.0287357954545453 0.022485795454545487
17 0.36687499999999995 0.7375 0.018719512195121968 0.027469512195121948
01 0.509375 0.718125 0.01373214285714286 0.011232142857142913
02 0.126875 0.206875 0.016237500000000002 0.028737500000000027
