20 0.419375 0.93125 0.013733552631578938 0.014983552631578911
04 0.83875 0.754375 0.03499161073825485 0.031241610738254932
04 0.47750000000000004 0.19687500000000002 0.03995689655172413 0.02870689655172412
03 0.711875 0.26125 0.08624444444444435 0.03249444444444444
06 0.376875 0.075625 0.031238095238095287 0.018738095238095234
18 0.9775 0.370625 0.019992977528089817 0.023742977528089848
03 0.905 0.8674999999999999 0.017495098039215673 0.03999509803921575
14 0.74875 0.629375 0.02745689655172412 0.04120689655172416
01 0.33999999999999997 0.535 0.024978448275862097 0.019978448275862037
00 0.295 0.81375 0.029886363636363655 0.024886363636363762
15 0.208125 0.270625 0.041235795454545476 0.048735795454545455
11 0.9312499999999999 0.6912499999999999 0.047469512195121966 0.027469512195121948
