04 0.7825 0.6487499999999999 0.037483552631578876 0.029983552631578925
06 0.84375 0.198125 0.06249161073825493 0.12624161073825502
02 0.454375 0.4475 0.03870689655172416 0.057456896551724146
04 0.74875 0.910625 0.03499444444444433 0.031244444444444408
03 0.6599999999999999 0.26875 0.04248809523809516 0.039988095238095295
19 0.3 0.890625 0.039992977528089835 0.03874297752808986
14 0.7025 0.9325 0.03999509803921564 0.05499509803921576
12 0.7475 0.7025 0.049956896551724195 0.039956896551724075
18 0.26625 0.500625 0.019978448275862037 0.023728448275862124
11 0.06875 0.45375 0.03238636363636364 0.024886363636363595
00 0.650625 0.8 0.026235795454545463 0.02248579545454532
12 0.215 0.770625 0.047469512195121966 0.04871951219512205
