10 0.09375 0.60875 0.01748355263157894 0.014983552631578911
03 0.8400000000000001 0.13624999999999998 0.024991610738254955 0.029991610738255042
16 0.864375 0.111875 0.0387068965517241 0.03620689655172411
06 0.617501388888889 0.41000000000000003 0.08999722222222217 0.024994444444444486
01 0.6168750000000001 0.7675000000000001 0.013738095238095327 0.014988095238095078
18 0.145625 0.323125 0.016242977528089897 0.018742977528089844
04 0.13874999999999998 0.0575 0.024995098039215707 0.01999509803921569
12 0.18562499999999998 0.45375 0.031206896551724123 0.034956896551724126
05 0.55 0.765 0.014978448275862033 0.02997844827586227
12 0.29875 0.05 0.02488636363636365 0.027386363636363632
05 0.49124999999999996 0.433125 0.027485795454545492 0.016235795454545454
13 0.854375 0.213125 0.06871951219512207 0.03371951219512198
12 0.15999999999999998 0.71875 0.029982142857142874 0.03498214285714285
