18 0.775625 0.2075 0.016233552631578885 0.01748355263157897
00 0.159375 0.28812499999999996 0.026241610738255067 0.02874161073825504
06 0.85625 0.895625 0.06995689655172421 0.03370689655172421
12 0.174375 0.15125 0.053744444444444456 0.03749444444444444
01 0.78125 0.605 0.02248809523809503 0.019988095238095305
08 0.450625 0.965625 0.04124297752808981 0.05124297752808993
11 0.538125 0.5387500000000001 0.02624509803921571 0.02999509803921574
15 0.5543750000000001 0.414375 0.026206896551724035 0.0337068965517241
00 0.878125 0.568125 0.021228448275862122 0.018728448275862064
00 0.819375 0.861875 0.02363636363636379 0.021136363636363842
20 0.215625 0.030000000000000002 0.01373579545454548 0.01498579545454546
20 0.899375 0.71625 0.03121951219512198 0.029969512195121895
20 0.93125 0.5606249999999999 0.02498214285714284 0.02123214285714281
