19 0.745 0.7737499999999999 0.03498355263157893 0.03248355263157887
19 0.180625 0.7725 0.033741610738255046 0.03749161073825491
10 0.88625 0.6174999999999999 0.03745689655172413 0.032456896551724124
04 0.964375 0.70375 0.0362444444444443 0.03499444444444433
18 0.675 0.661875 0.029988095238095203 0.03373809523809512
06 0.39875 0.76625 0.09999297752808989 0.0474929775280899
01 0.724375 0.1675 0.04124509803921561 0.032495098039215686
03 0.60375 0.215 0.057456896551724146 0.04995689655172414
13 0.818125 0.565 0.0487284482758622 0.11997844827586202
06 0.54375 0.795625 0.04238636363636361 0.02363636363636379
14 0.92125 0.89375 0.01498579545454537 0.05248579545454535
20 0.55375 0.549375 0.04246951219512196 0.04121951219512188
04 0.433125 0.67625 0.038732142857142826 0.03498214285714285
