11 0.19875 0.53875 0.01998355263157897 0.014983552631578911
14 0.518125 0.5387500000000001 0.018741610738255088 0.03749161073825513
04 0.5631250000000001 0.543125 0.02120689655172414 0.016206896551724137
15 0.566875 0.176875 0.04874444444444448 0.05624444444444446
18 0.138125 0.9593750000000001 0.011238095238095214 0.013738095238095105
11 0.573125 0.63375 0.028742977528089853 0.019992977528089817
08 0.045 0.30062500000000003 0.01249509803921569 0.05874509803921574
09 0.8981250000000001 0.6000000000000001 0.01370689655172408 0.022456896551724115
04 0.3125 0.12562500000000001 0.01747844827586209 0.016228448275862076
10 0.8325 0.833125 0.014886363636363753 0.013636363636363669
13 0.388125 0.6168750000000001 0.05623579545454549 0.07123579545454539
