11 0.134375 0.821875 0.018733552631578942 0.023733552631578947
17 0.34062499999999996 0.426875 0.033741610738255046 0.03624161073825505
02 0.7518750000000001 0.44375 0.0337068965517241 0.08495689655172417
06 0.4993736111111111 0.250625 0.026247222222222255 0.0887444444444444
07 0.42125 0.7518750000000001 0.024988095238095254 0.041238095238095185
06 0.516875 0.045625 0.023742977528089848 0.01624297752808989
12 0.27375 0.524375 0.052495098039215704 0.061245098039215684
06 0.511875 0.14250000000000002 0.07620689655172413 0.01995689655172414
04 0.606875 0.600625 0.03122844827586213 0.036228448275862024
07 0.5087784090909091 0.233125 0.07244318181818182 0.06863636363636366
14 0.419375 0.3275 0.016235795454545454 0.027485795454545492
12 0.899375 0.46625 0.03871951219512193 0.04496951219512202
13 0.49624999999999997 0.1837455357142857 0.11998214285714282 0.047491071428571424
18 0.6012500000000001 0.67 0.019987499999999936 0.022487499999999994
