01 0.07625 0.723125 0.024983552631578948 0.023733552631578947
10 0.623125 0.9668749999999999 0.01624161073825503 0.018741610738254866
03 0.35 0.39749999999999996 0.012456896551724161 0.019956896551724113
15 0.275625 0.39125 0.026244444444444404 0.02999444444444449
04 0.2875 0.694375 0.024988095238095254 0.023738095238095114
08 0.05 0.671875 0.01749297752808989 0.036242977528089915
20 0.6475 0.6543749999999999 0.024995098039215624 0.018745098039215757
02 0.5175000000000001 0.911875 0.012456896551724106 0.016206896551724137
01 0.765 0.90875 0.014978448275862144 0.012478448275862308
19 0.08124999999999999 0.794375 0.019886363636363633 0.026136363636363735
