04 0.82375 0.8999999999999999 0.02498355263157892 0.019983552631578916
15 0.08750000000000001 0.3875 0.05249161073825504 0.01999161073825506
02 0.813125 0.6881250000000001 0.03370689655172421 0.02120689655172414
00 0.345 0.68375 0.01999444444444448 0.01499444444444431
20 0.200625 0.289375 0.021238095238095278 0.021238095238095278
01 0.365625 0.06937499999999999 0.023742977528089848 0.02374297752808989
03 0.473125 0.04875 0.05874509803921568 0.032495098039215686
03 0.92875 0.6868749999999999 0.032456896551724124 0.03120689655172415
03 0.7175 0.744375 0.03497844827586216 0.03122844827586224
10 0.21875 0.711875 0.017386363636363644 0.016136363636363726
