14 0.30937499999999996 0.778125 0.031233552631578954 0.061233552631578925
02 0.42374999999999996 0.56125 0.05499161073825504 0.0599916107382551
18 0.228125 0.8243750000000001 0.02120689655172414 0.023706896551724088
12 0.39749999999999996 0.6225 0.0399944444444445 0.047494444444444395
04 0.3275 0.845 0.03248809523809526 0.024988095238095087
11 0.7124999999999999 0.8775 0.03499297752808983 0.032492977528089884
07 0.2543737745098039 0.109375 0.06374754901960786 0.046245098039215685
07 0.44375 0.16062500000000002 0.05995689655172415 0.026206896551724118
12 0.1 0.5562499999999999 0.03747844827586207 0.04497844827586206
14 0.164375 0.896875 0.011136363636363639 0.07363636363636372
08 0.369375 0.7793714488636363 0.03373579545454547 0.02624289772727273
03 0.959375 0.5974999999999999 0.06371951219512195 0.03496951219512201
05 0.0525 0.2625 0.027482142857142858 0.039982142857142855
06 0.796875 0.065 0.04123750000000004 0.0674875
