03 0.7775000000000001 0.7675000000000001 0.04248355263157888 0.04248355263157888
12 0.05875000000000001 0.848125 0.05249161073825504 0.056241610738254844
03 0.37375 0.24375000000000002 0.02245689655172417 0.037456896551724156
10 0.5406249999999999 0.37 0.04124444444444453 0.02499444444444454
03 0.13624999999999998 0.374375 0.027488095238095228 0.046238095238095245
18 0.245 0.54 0.02499297752808982 0.02749297752808988
14 0.31625000000000003 0.47 0.029995098039215684 0.0499950980392157
04 0.375 0.541875 0.03495689655172418 0.03370689655172421
11 0.06125 0.169375 0.04247844827586206 0.031228448275862075
14 0.853125 0.1275 0.043636363636363695 0.03488636363636362
11 0.950625 0.9075 0.03623579545454525 0.037485795454545334
14 0.946875 0.5818749999999999 0.051219512195122 0.03371951219512204
00 0.7693749999999999 0.328125 0.03873214285714288 0.036232142857142824
