10 0.0925 0.658125 0.037483552631578945 0.0362335526315789
00 0.09562500000000002 0.1725 0.038741610738255036 0.032491610738255045
05 0.489375 0.16375 0.05370689655172417 0.02745689655172412
14 0.0375 0.750625 0.05499444444444444 0.0362444444444443
16 0.441875 0.47562499999999996 0.0437380952380953 0.07373809523809521
20 0.936875 0.878125 0.028742977528089853 0.0212429775280899
11 0.27375000000000005 0.369375 0.03999509803921569 0.05374509803921568
10 0.563125 0.768125 0.05620689655172417 0.04620689655172405
06 0.8006249999999999 0.176875 0.03872844827586219 0.011228448275862057
18 0.0925 0.5393749999999999 0.03488636363636363 0.03863636363636369
02 0.21187499999999998 0.3675 0.06873579545454547 0.05248579545454546
