04 0.2075 0.985 0.02998355263157898 0.027483552631578867
05 0.8925000000000001 0.35125 0.03999161073825486 0.01999161073825506
05 0.714375 0.96875 0.016206896551724137 0.04495689655172419
01 0.555625 0.593125 0.033744444444444466 0.026244444444444515
07 0.8631249999999999 0.20875 0.04623809523809508 0.01248809523809527
00 0.78125 0.51625 0.03749297752808989 0.03249297752808977
14 0.6425000000000001 0.388125 0.03499509803921563 0.03374509803921566
00 0.334375 0.6699999999999999 0.041206896551724104 0.039956896551724186
07 0.5862499999999999 0.204375 0.08747844827586204 0.07372844827586206
14 0.7 0.8981250000000001 0.019886363636363757 0.0486363636363637
03 0.640625 0.6599999999999999 0.016235795454545454 0.03248579545454533
04 0.224375 0.30437499999999995 0.03621951219512198 0.023719512195121972
03 0.865625 0.7481249999999999 0.02373214285714287 0.028732142857142873
03 0.535 0.10750000000000001 0.0324875 0.04498750000000003
