16 0.34062499999999996 0.42125 0.04623355263157897 0.0724835526315789
08 0.44562500000000005 0.28500000000000003 0.02874161073825504 0.014991610738255001
15 0.86125 0.43562500000000004 0.03745689655172413 0.01870689655172414
04 0.2475 0.163125 0.039994444444444444 0.048744444444444424
10 0.8200000000000001 0.2525 0.03248809523809515 0.027488095238095256
03 0.5700000000000001 0.8668750000000001 0.047492977528089786 0.05124297752808993
02 0.414375 0.390625 0.03374509803921566 0.06124509803921574
09 0.8425 0.10375 0.032456896551724124 0.06245689655172412
05 0.3625 0.778125 0.022478448275862095 0.05872844827586221
11 0.30999999999999994 0.43875 0.03988636363636361 0.04488636363636361
00 0.6168750000000001 0.7125 0.03873579545454542 0.037485795454545334
04 0.615 0.345 0.047469512195121966 0.04246951219512202
