11 0.895 0.435 0.07998355263157886 0.08248355263157892
15 0.215 0.7012499999999999 0.07499161073825505 0.11749161073825498
07 0.690625 0.5625 0.05120689655172417 0.17245689655172414
17 0.9393750000000001 0.799375 0.08374444444444429 0.07624444444444445
11 0.646875 0.67625 0.07873809523809516 0.052488095238095056
01 0.77625 0.585 0.0474929775280899 0.03749297752808989
03 0.746875 0.23625000000000002 0.06874509803921569 0.1099950980392157
09 0.801875 0.326875 0.0387068965517241 0.07370689655172408
14 0.47125 0.933125 0.04497844827586206 0.07872844827586223
18 0.67875 0.9625 0.047386363636363726 0.049886363636363784
04 0.795625 0.23625 0.07373579545454534 0.059985795454545465
03 0.775625 0.079375 0.08871951219512197 0.08371951219512194
