17 0.808125 0.770625 0.02123355263157889 0.023733552631578947
12 0.110625 0.36 0.02124161073825505 0.02999161073825507
07 0.86 0.210625 0.01745689655172411 0.023706896551724116
14 0.6387499999999999 0.770625 0.012494444444444475 0.04124444444444442
06 0.45999999999999996 0.609375 0.014988095238095245 0.016238095238095163
06 0.434375 0.680625 0.053742977528089875 0.018742977528089844
13 0.4625 0.6625 0.05249509803921565 0.02999509803921563
13 0.775625 0.6087499999999999 0.0237068965517242 0.032456896551724124
03 0.526875 0.840625 0.03372844827586208 0.01622844827586223
10 0.668125 0.43437499999999996 0.018636363636363784 0.013636363636363613
14 0.20750000000000002 0.31937499999999996 0.024985795454545462 0.018735795454545456
09 0.88125 0.124375 0.029969512195122006 0.021219512195121942
03 0.99125 0.3225 0.014982142857142833 0.03248214285714285
