08 0.989375 0.24874999999999997 0.016233552631578885 0.04748355263157897
10 0.735625 0.046875 0.038741610738254884 0.023741610738255037
15 0.91 0.374375 0.024956896551724173 0.06370689655172412
06 0.231875 0.373125 0.0787444444444444 0.10624444444444447
02 0.515 0.43625 0.02248809523809525 0.03748809523809532
15 0.24 0.92625 0.04749297752808987 0.019992977528089817
13 0.0475 0.35625 0.06499509803921569 0.14249509803921567
06 0.044375 0.5025 0.02620689655172414 0.029956896551724177
15 0.8999999999999999 0.274375 0.06997844827586219 0.14372844827586204
02 0.875 0.7725 0.04738636363636384 0.05238636363636373
