05 0.2025 0.93625 0.012483552631578992 0.02498355263157892
10 0.410625 0.5725 0.02624161073825504 0.017491610738255003
12 0.71625 0.10500000000000001 0.022456896551724115 0.02495689655172413
10 0.037500000000000006 0.888125 0.017494444444444444 0.016244444444444395
06 0.076875 0.858125 0.05873809523809523 0.023738095238095114
14 0.47875 0.490625 0.01749297752808987 0.01624297752808984
04 0.583125 0.638125 0.018745098039215646 0.013745098039215642
14 0.213125 0.51 0.016206896551724137 0.03495689655172418
13 0.5081249999999999 0.08625 0.053728448275862095 0.03747844827586207
10 0.891875 0.836875 0.018636363636363784 0.018636363636363673
03 0.1525 0.213125 0.019985795454545485 0.03373579545454547
