06 0.060625 0.076875 0.02623355263157895 0.05873355263157895
03 0.8031250000000001 0.206875 0.08874161073825493 0.02874161073825504
05 0.74 0.7406250000000001 0.03495689655172418 0.06370689655172412
15 0.6018749999999999 0.793125 0.06374444444444449 0.04624444444444431
16 0.16375 0.22375 0.07998809523809525 0.05748809523809528
09 0.52875 0.578125 0.047492977528089786 0.08124297752808984
01 0.054375 0.4675 0.046245098039215685 0.03249509803921574
20 0.84875 0.965625 0.039956896551724075 0.03120689655172415
14 0.148125 0.24125 0.053728448275862054 0.062478448275862075
18 0.9299999999999999 0.22875 0.03488636363636377 0.03738636363636366
17 0.708125 0.144375 0.058735795454545325 0.05623579545454545
