17 0.2475 0.03937500000000001 0.029983552631578952 0.033733552631578956
11 0.22499999999999998 0.8825000000000001 0.02749161073825504 0.0274916107382549
14 0.500625 0.9512499999999999 0.018706896551724084 0.029956896551724177
16 0.750625 0.1125 0.04124444444444442 0.032494444444444465
12 0.259375 0.538125 0.048738095238095275 0.026238095238095283
18 0.4325 0.47250000000000003 0.01749297752808987 0.019992977528089872
17 0.104375 0.164375 0.03624509803921569 0.03624509803921569
18 0.9437500000000001 0.506875 0.019956896551724168 0.02120689655172414
03 0.393125 0.7075 0.03372844827586208 0.04497844827586217
12 0.51625 0.7849999999999999 0.06238636363636352 0.06738636363636374
04 0.5 0.8162499999999999 0.027485795454545492 0.029985795454545383
03 0.228125 0.213125 0.028719512195121977 0.028719512195121977
07 0.781875 0.26 0.011232142857142913 0.029982142857142846
