06 0.97 0.859375 0.05498355263157895 0.026233552631578894
01 0.8925000000000001 0.8843749999999999 0.017491610738254892 0.01624161073825492
14 0.9025000000000001 0.840625 0.012456896551724106 0.02120689655172414
01 0.30125 0.559375 0.017494444444444424 0.016244444444444506
20 0.6599999999999999 0.9824999999999999 0.014988095238095078 0.012488095238095132
07 0.16312675561797751 0.595 0.01624648876404497 0.03749297752808989
04 0.275625 0.20124999999999998 0.018745098039215702 0.0174950980392157
20 0.6581250000000001 0.028124999999999997 0.018706896551724195 0.018706896551724136
19 0.57125 0.745625 0.03497844827586205 0.021228448275862233
14 0.556875 0.74875 0.013636363636363669 0.03238636363636371
12 0.11 0.9081250000000001 0.03248579545454547 0.041235795454545365
