13 0.33375 0.19687500000000002 0.10998355263157894 0.07873355263157897
04 0.389375 0.685 0.026241610738255094 0.024991610738254955
18 0.81375 0.39125 0.022456896551724115 0.022456896551724115
06 0.265 0.5087486111111111 0.06499444444444441 0.05249722222222225
06 0.561875 0.506875 0.01873809523809533 0.028738095238095285
02 0.495625 0.279375 0.02124297752808979 0.01374297752808984
04 0.028125000000000004 0.521875 0.031245098039215692 0.02624509803921571
01 0.43374999999999997 0.069375 0.02245689655172417 0.02120689655172415
14 0.048124999999999994 0.6087499999999999 0.033728448275862064 0.03497844827586205
08 0.940625 0.18375 0.03863636363636369 0.03738636363636366
06 0.865625 0.859375 0.048735795454545316 0.06373579545454522
08 0.4 0.37812500000000004 0.01996951219512194 0.018719512195121968
11 0.649375 0.725 0.028732142857142873 0.022482142857142895
