10 0.0225 0.0475 0.012483552631578947 0.01248355263157895
03 0.550625 0.01375 0.013741610738255083 0.019991610738255033
01 0.541875 0.530625 0.016206896551724137 0.01370689655172419
03 0.084375 0.610625 0.01624444444444445 0.02874444444444446
12 0.7175 0.0575 0.02248809523809514 0.02498809523809524
05 0.8325 0.87 0.014992977528089924 0.019992977528089817
00 0.8031250000000001 0.84375 0.021245098039215704 0.01999509803921562
16 0.78 0.46875 0.02745689655172412 0.01745689655172411
00 0.49249999999999994 0.5218750000000001 0.017478448275862035 0.01372844827586206
20 0.29500000000000004 0.638125 0.014886363636363698 0.016136363636363615
14 0.07625 0.4187464488636363 0.02248579545454546 0.022492897727272754
09 0.5293749999999999 0.338125 0.018719512195121912 0.02121951219512197
