03 0.421875 0.67625 0.04623355263157891 0.037483552631578876
01 0.056874999999999995 0.6475 0.021241610738255028 0.014991610738254946
10 0.121875 0.44937499999999997 0.023706896551724116 0.021206896551724086
10 0.8187500000000001 0.64 0.029994444444444324 0.019994444444444426
01 0.29312499999999997 0.8912500000000001 0.03123809523809523 0.03248809523809515
08 0.278125 0.830625 0.03374297752808986 0.043742977528089866
15 0.969375 0.08812500000000001 0.023745098039215762 0.0312450980392157
04 0.053125000000000006 0.83125 0.028706896551724148 0.02495689655172406
07 0.615625 0.9606250000000001 0.018728448275862064 0.0487284482758622
15 0.4125 0.51 0.024886363636363595 0.014886363636363642
