07 0.954375 0.365625 0.05623355263157892 0.021233552631578945
04 0.6875 0.7 0.052491610738254924 0.042491610738254915
19 0.8300000000000001 0.5706249999999999 0.05245689655172414 0.053706896551724115
16 0.281875 0.785625 0.06624444444444441 0.06874444444444439
06 0.9575 0.47125 0.03248809523809515 0.04248809523809527
00 0.14437499999999998 0.365 0.05624297752808986 0.05499297752808985
03 0.370625 0.348125 0.03624509803921566 0.11874509803921568
16 0.714375 0.38687499999999997 0.06620689655172418 0.07620689655172413
00 0.75125 0.48 0.049978448275862175 0.044978448275862115
04 0.89625 0.028749999999999998 0.05488636363636368 0.044886363636363634
04 0.26187499999999997 0.049375 0.05123579545454546 0.048735795454545455
12 0.4925 0.5331250000000001 0.05996951219512192 0.06871951219512196
