12 0.16562500000000002 0.576875 0.06373355263157895 0.06373355263157887
08 0.25125 0.825 0.05999161073825504 0.022491610738254897
18 0.961875 0.7575000000000001 0.0337068965517241 0.03495689655172407
01 0.971875 0.6000000000000001 0.031244444444444297 0.019994444444444537
18 0.46625 0.44375 0.03498809523809532 0.037488095238095265
03 0.3675 0.701875 0.04499297752808984 0.05874297752808988
14 0.29312499999999997 0.7050000000000001 0.04874509803921573 0.03999509803921575
09 0.821875 0.52875 0.09120689655172409 0.05995689655172415
02 0.48375 0.10749999999999998 0.052478448275862066 0.11747844827586204
12 0.565 0.203125 0.05988636363636368 0.05613636363636365
04 0.735 0.44125000000000003 0.037485795454545334 0.03998579545454545
18 0.08687500000000001 0.25687499999999996 0.03621951219512194 0.038719512195121986
14 0.46875 0.22062500000000002 0.03248214285714279 0.03623214285714285
04 0.7618750000000001 0.8525 0.05623750000000005 0.057487500000000025
