12 0.650625 0.32375 0.03873355263157885 0.047483552631578885
12 0.35562499999999997 0.043125 0.02124161073825509 0.03874161073825503
11 0.5425 0.9775 0.02745689655172412 0.019956896551724168
12 0.975625 0.659375 0.033744444444444355 0.023744444444444346
11 0.9775 0.8043750000000001 0.027488095238095145 0.01873809523809522
06 0.273125 0.28500000000000003 0.023742977528089848 0.07249297752808986
07 0.115625 0.875 0.008745098039215693 0.027495098039215682
20 0.9137500000000001 0.47875 0.014956896551724053 0.01745689655172411
09 0.949375 0.578125 0.02372844827586218 0.023728448275861957
07 0.71625 0.63 0.029886363636363655 0.04488636363636367
00 0.97 0.37124999999999997 0.02498579545454538 0.022485795454545487
01 0.6025 0.86625 0.019969512195121997 0.014969512195121992
13 0.69 0.19124999999999998 0.022482142857142784 0.049982142857142836
