09 0.48 0.40937500000000004 0.019983552631578916 0.018733552631578887
13 0.155 0.515625 0.01999161073825506 0.06624161073825507
03 0.40125 0.210625 0.019956896551724168 0.031206896551724123
06 0.28312499999999996 0.241875 0.011244444444444446 0.023744444444444457
03 0.7893749999999999 0.879375 0.011238095238095158 0.04623809523809519
02 0.39937500000000004 0.739375 0.011242977528089837 0.018742977528089844
01 0.9356249999999999 0.29874999999999996 0.021245098039215704 0.019995098039215675
14 0.9275 0.123125 0.022456896551724115 0.031206896551724123
05 0.09125 0.79625 0.019978448275862065 0.01997844827586226
15 0.50625 0.175 0.03238636363636366 0.019886363636363674
04 0.2 0.30874999999999997 0.014985795454545453 0.014985795454545425
