03 0.0625 0.576875 0.029983552631578952 0.018733552631578942
10 0.5475000000000001 0.1725 0.02999161073825507 0.029991610738255042
00 0.26187499999999997 0.85375 0.026206896551724118 0.01745689655172411
04 0.890625 0.13874999999999998 0.031244444444444408 0.029994444444444462
16 0.923125 0.926875 0.04373809523809513 0.031238095238095065
18 0.59875 0.07375000000000001 0.019992977528089817 0.02249297752808989
00 0.273125 0.5393749999999999 0.03624509803921572 0.028745098039215766
11 0.13375 0.7181249999999999 0.027456896551724133 0.02120689655172414
07 0.9031196120689655 0.83375 0.02373922413793117 0.024978448275862153
16 0.484375 0.446875 0.04363636363636364 0.02613636363636357
01 0.635 0.86375 0.019985795454545374 0.019985795454545263
20 0.84125 0.629375 0.014969512195121992 0.016219512195121966
03 0.046875 0.294375 0.023732142857142854 0.061232142857142846
