03 0.764375 0.964375 0.018733552631578942 0.03873355263157885
08 0.2781270973154363 0.8262499999999999 0.04124580536912753 0.0274916107382549
15 0.6725000000000001 0.850625 0.012456896551724106 0.02120689655172414
10 0.776875 0.48875 0.0212444444444444 0.01999444444444448
04 0.7725 0.691875 0.02248809523809514 0.021238095238095056
06 0.09125 0.4925 0.014992977528089896 0.06499297752808986
13 0.14687499999999998 0.714375 0.041245098039215694 0.04124509803921572
04 0.68125 0.595625 0.024956896551724173 0.026206896551724146
01 0.7893749999999999 0.391875 0.021228448275862122 0.021228448275862066
07 0.7375 0.39249999999999996 0.012386363636363806 0.024886363636363595
10 0.9468749999999999 0.50875 0.021235795454545348 0.022485795454545487
04 0.390625 0.1275 0.02121951219512197 0.022469512195121943
