03 0.420625 0.41374999999999995 0.02373355263157889 0.017483552631578914
19 0.54125 0.310625 0.03749161073825502 0.021241610738255035
16 0.8043750000000001 0.123125 0.04120689655172416 0.03870689655172413
06 0.39 0.06374861111111112 0.06999444444444447 0.05249722222222223
02 0.47187500000000004 0.885625 0.018738095238095276 0.03873809523809513
13 0.8743749999999999 0.65125 0.06624297752808983 0.024992977528089932
11 0.6699999999999999 0.218125 0.024995098039215624 0.018745098039215674
06 0.10249999999999998 0.51 0.05245689655172413 0.0549568965517242
05 0.5075 0.9225 0.03747844827586205 0.032478448275862215
16 0.34875 0.7418750000000001 0.034886363636363604 0.036136363636363744
03 0.4912535511363636 0.53375 0.022492897727272698 0.037485795454545445
03 0.950625 0.031875 0.03621951219512198 0.033719512195121946
