13 0.676875 0.138125 0.061233552631578814 0.03123355263157894
10 0.28875 0.174375 0.027491610738255012 0.018741610738255032
05 0.663125 0.3175 0.016206896551724137 0.03745689655172413
15 0.23875 0.5487500000000001 0.027494444444444432 0.02499444444444443
11 0.208125 0.30062500000000003 0.02373809523809528 0.026238095238095227
13 0.82875 0.12312499999999998 0.03249297752808977 0.07374297752808988
10 0.24125000000000002 0.32999999999999996 0.04749509803921573 0.029995098039215684
06 0.1925 0.598125 0.02995689655172412 0.06620689655172418
04 0.49875 0.941875 0.03247844827586205 0.03372844827586219
18 0.666875 0.36375 0.018636363636363784 0.022386363636363593
09 0.40812499999999996 0.54125 0.02373579545454546 0.02498579545454538
13 0.634375 0.9025 0.051219512195122 0.022469512195121943
04 0.599375 0.9043749999999999 0.02873214285714276 0.023732142857142757
