06 0.56375 0.808125 0.014983552631578911 0.061233552631578925
02 0.41812499999999997 0.4425 0.05874161073825507 0.10749161073825508
03 0.32625000000000004 0.6825 0.06495689655172415 0.18745689655172404
04 0.06937499999999999 0.8 0.06874444444444444 0.054994444444444346
06 0.18 0.470625 0.04248809523809524 0.08623809523809534
09 0.21437499999999998 0.34625 0.07124297752808986 0.05499297752808985
00 0.879375 0.21437499999999998 0.0837450980392157 0.07374509803921567
03 0.856875 0.849375 0.10370689655172416 0.09370689655172404
06 0.745625 0.13374999999999998 0.27622844827586224 0.019978448275862065
15 0.05 0.8731249999999999 0.08738636363636364 0.09863636363636374
03 0.28500000000000003 0.6681250000000001 0.049985795454545456 0.05373579545454532
