09 0.344375 0.596875 0.031233552631578898 0.033733552631578845
01 0.6399999999999999 0.515 0.017491610738254892 0.01249161073825511
18 0.26249999999999996 0.3625 0.014956896551724108 0.01745689655172411
12 0.40875 0.05249999999999999 0.04499444444444445 0.044994444444444434
10 0.3175 0.259375 0.02248809523809525 0.016238095238095274
06 0.479375 0.65625 0.06624297752808989 0.057492977528089906
05 0.792498774509804 0.6268750000000001 0.02749754901960777 0.02374509803921565
03 0.961875 0.799375 0.016206896551724137 0.03870689655172421
03 0.751875 0.101875 0.03372844827586219 0.021228448275862052
03 0.7 0.246875 0.014886363636363753 0.023636363636363678
