14 0.8187500000000001 0.198125 0.03248355263157887 0.03123355263157898
06 0.586875 0.5675 0.09624161073825499 0.08999161073825501
20 0.43875 0.09125 0.024956896551724117 0.019956896551724126
14 0.5874999999999999 0.268125 0.08499444444444448 0.023744444444444457
04 0.075 0.30375 0.03998809523809523 0.037488095238095265
06 0.53375 0.128125 0.032492977528089884 0.018742977528089885
09 0.76 0.3275 0.024995098039215735 0.0499950980392157
00 0.385 0.271875 0.022456896551724115 0.021206896551724086
11 0.20875 0.9237500000000001 0.04747844827586206 0.029978448275862157
10 0.3275 0.6937500000000001 0.03738636363636366 0.02738636363636371
16 0.585 0.981875 0.05248579545454546 0.0337357954545453
20 0.890625 0.38 0.03121951219512198 0.022469512195121943
