14 0.6268750000000001 0.150625 0.02123355263157889 0.043733552631578965
14 0.21250000000000002 0.595625 0.032491610738255045 0.056241610738255066
08 0.5125 0.38187499999999996 0.034956896551724126 0.048706896551724166
04 0.29625 0.81125 0.03249444444444444 0.03499444444444433
15 0.323125 0.348125 0.033738095238095234 0.0437380952380953
14 0.133125 0.59375 0.04124297752808989 0.039992977528089835
03 0.95 0.41500000000000004 0.06249509803921571 0.01749509803921573
16 0.12625 0.9606250000000001 0.02995689655172412 0.05120689655172417
00 0.140625 0.21625 0.03872844827586207 0.03747844827586205
13 0.295625 0.6825 0.028636363636363626 0.07988636363636381
03 0.225625 0.763125 0.041235795454545476 0.04373579545454531
02 0.42937499999999995 0.858125 0.038719512195121986 0.04121951219512199
11 0.595625 0.7518750000000001 0.026232142857142815 0.03123214285714282
10 0.351875 0.6112500000000001 0.026237500000000025 0.02498750000000005
