12 0.7 0.50875 0.029983552631578925 0.07748355263157897
17 0.34625 0.5762499999999999 0.02999161073825507 0.03249161073825502
04 0.0725 0.9056249999999999 0.029956896551724142 0.02120689655172414
07 0.736875 0.6212500000000001 0.041244444444444306 0.012494444444444475
04 0.744375 0.653125 0.031238095238095065 0.021238095238095167
20 0.7324999999999999 0.8075 0.02499297752808982 0.022492977528089764
18 0.34375 0.93 0.024995098039215735 0.027495098039215682
15 0.15375 0.441875 0.02995689655172412 0.03870689655172416
17 0.23562499999999997 0.82875 0.03372844827586205 0.03997844827586228
03 0.50625 0.8456250000000001 0.019886363636363535 0.036136363636363744
06 0.6781250000000001 0.9325 0.0337357954545453 0.019985795454545263
03 0.41374999999999995 0.381875 0.05496951219512197 0.04121951219512199
11 0.27375 0.116875 0.029982142857142846 0.028732142857142873
13 0.42625 0.186875 0.04248750000000001 0.07373750000000001
