10 0.115 0.6025 0.024983552631578948 0.019983552631578916
18 0.921875 0.660625 0.018741610738254977 0.021241610738254924
06 0.0125 0.48562500000000003 0.014956896551724136 0.03120689655172415
12 0.06312500000000001 0.96375 0.038744444444444456 0.039994444444444444
07 0.699375 0.615 0.08123809523809511 0.012488095238095243
14 0.155625 0.5725 0.026242977528089878 0.03749297752808989
09 0.345 0.16 0.03249509803921574 0.027495098039215682
03 0.89625 0.90625 0.009956896551724048 0.03745689655172413
06 0.2243803879310345 0.2625 0.018739224137931054 0.014978448275862033
13 0.043125 0.34062499999999996 0.038636363636363635 0.07863636363636367
09 0.46187500000000004 0.54125 0.02373579545454546 0.01498579545454548
07 0.9512499999999999 0.596875 0.03496951219512201 0.016219512195121966
