04 0.51 0.2975 0.037483552631578876 0.03248355263157898
09 0.134375 0.964375 0.033741610738255046 0.026241610738254928
13 0.451875 0.886875 0.06120689655172412 0.0387068965517241
10 0.8175 0.24812499999999998 0.03499444444444433 0.02374444444444443
07 0.840625 0.8674999999999999 0.03873809523809513 0.044988095238095105
03 0.063125 0.5387500000000001 0.06624297752808989 0.03499297752808983
03 0.759375 0.24625 0.06874509803921569 0.1174950980392157
06 0.535625 0.86375 0.0962068965517241 0.039956896551724075
17 0.0525 0.065625 0.03997844827586207 0.04622844827586207
04 0.7024999999999999 0.12187500000000001 0.024886363636363762 0.023636363636363636
08 0.6793750000000001 0.7337499999999999 0.023735795454545294 0.0649857954545453
14 0.880625 0.94 0.04871951219512205 0.05996951219512192
12 0.05375 0.56 0.06998214285714285 0.07248214285714283
18 0.7437499999999999 0.90875 0.027487499999999998 0.029987499999999945
