18 0.239375 0.195625 0.02873355263157898 0.03123355263157898
03 0.5549999999999999 0.36124999999999996 0.07249161073825505 0.03999161073825502
03 0.075 0.25687499999999996 0.04245689655172414 0.031206896551724095
06 0.6287499999999999 0.9568749999999999 0.047494444444444395 0.03874444444444436
08 0.320625 0.6000000000000001 0.03623809523809529 0.037488095238095265
07 0.933125 0.848125 0.08374297752808979 0.01374297752808984
03 0.861875 0.68125 0.08624509803921565 0.027495098039215682
06 0.6443749999999999 0.61 0.0962068965517241 0.09245689655172407
20 0.92625 0.12187500000000001 0.01997844827586226 0.018728448275862078
12 0.40375 0.759375 0.03988636363636355 0.043636363636363695
06 0.6712535511363636 0.250625 0.0849928977272727 0.11123579545454548
