03 0.5831249999999999 0.29312499999999997 0.031233552631578898 0.038733552631579016
00 0.76625 0.5387500000000001 0.042491610738254915 0.04499161073825497
20 0.2275 0.609375 0.03995689655172413 0.04120689655172405
00 0.69625 0.08812500000000001 0.03499444444444433 0.036244444444444454
13 0.12 0.389375 0.027488095238095242 0.026238095238095227
11 0.6425 0.454375 0.039992977528089835 0.0337429775280898
13 0.6468750000000001 0.473125 0.08624509803921565 0.1312450980392157
11 0.9199999999999999 0.788125 0.039956896551724186 0.036206896551724155
12 0.39625 0.27625 0.04497844827586206 0.04747844827586206
15 0.8275 0.42874999999999996 0.029886363636363766 0.03988636363636361
08 0.8668750000000001 0.9762500000000001 0.06373579545454533 0.024985795454545268
