12 0.6599999999999999 0.878125 0.03248355263157887 0.04873355263157897
18 0.391875 0.946875 0.018741610738255032 0.021241610738254924
10 0.203125 0.97125 0.01870689655172414 0.01745689655172422
10 0.666875 0.0175 0.023744444444444346 0.022494444444444445
08 0.08875 0.5056220238095238 0.03748809523809524 0.02874404761904764
08 0.1775 0.923125 0.009992977528089836 0.0987429775280898
13 0.11625 0.5193749999999999 0.0849950980392157 0.03374509803921566
03 0.9243857758620689 0.153125 0.018728448275862064 0.03870689655172413
18 0.641875 0.969375 0.018728448275862175 0.021228448275862233
02 0.944375 0.11937500000000001 0.018636363636363673 0.04613636363636364
07 0.869375 0.8143714488636363 0.016235795454545343 0.05124289772727275
03 0.430625 0.614375 0.016219512195121966 0.028719512195122032
03 0.314375 0.346875 0.026232142857142815 0.061232142857142846
04 0.80375 0.334375 0.0324875 0.028737500000000027
