00 0.32062499999999994 0.22 0.02623355263157895 0.027483552631578978
06 0.175 0.599375 0.014991610738255029 0.07374161073825514
01 0.505625 0.483125 0.026206896551724146 0.023706896551724144
02 0.893126388888889 0.624375 0.013747222222222244 0.04124444444444442
01 0.115625 0.136875 0.021238095238095236 0.021238095238095223
11 0.34875 0.5874999999999999 0.029992977528089826 0.022492977528089875
04 0.673125 0.181875 0.02624509803921571 0.018745098039215674
20 0.734375 0.8275 0.02120689655172403 0.019956896551724057
12 0.76 0.525 0.02747844827586221 0.04747844827586212
01 0.3175 0.15375 0.017386363636363644 0.017386363636363672
06 0.628125 0.326875 0.0187357954545454 0.021235795454545514
18 0.04875 0.114375 0.02246951219512195 0.02371951219512193
14 0.835 0.588125 0.014982142857142833 0.05123214285714284
03 0.280625 0.938125 0.02123750000000002 0.03123750000000003
