18 0.0975 0.30125 0.022483552631578932 0.024983552631578976
14 0.2725 0.43562500000000004 0.014991610738255057 0.033741610738255046
06 0.7250000000000001 0.973125 0.08245689655172417 0.04870689655172411
14 0.673125 0.19187500000000002 0.016244444444444395 0.02374444444444443
06 0.626875 0.2275 0.0712380952380951 0.03498809523809526
06 0.255625 0.4275 0.05374297752808985 0.06499297752808986
13 0.04 0.16 0.017495098039215687 0.1049950980392157
14 0.329375 0.95125 0.05120689655172411 0.02745689655172412
17 0.9524999999999999 0.171875 0.02747844827586221 0.03372844827586208
02 0.79375 0.133125 0.04488636363636378 0.05613636363636361
00 0.5293749999999999 0.8162499999999999 0.026235795454545463 0.024985795454545268
04 0.3025 0.504375 0.03496951219512201 0.03621951219512193
14 0.7706249999999999 0.78375 0.04123214285714283 0.022482142857142784
20 0.7024999999999999 0.8912500000000001 0.03748750000000001 0.027487499999999998
