04 0.5818749999999999 0.025625000000000002 0.043733552631578854 0.033733552631578956
04 0.728125 0.54125 0.04124161073825494 0.03999161073825497
15 0.728125 0.890625 0.04870689655172411 0.07370689655172402
15 0.6125 0.20625 0.047494444444444506 0.027494444444444405
17 0.605625 0.705625 0.06373809523809526 0.06373809523809515
14 0.0525 0.17062499999999997 0.019992977528089886 0.07874297752808987
02 0.94 0.3375 0.03499509803921563 0.054995098039215706
01 0.239375 0.358125 0.02870689655172412 0.031206896551724095
11 0.18312499999999998 0.52125 0.04372844827586206 0.04747844827586206
12 0.6256250000000001 0.1725 0.10113636363636369 0.04738636363636364
06 0.8443750000000001 0.895 0.04373579545454531 0.14998579545454538
04 0.22 0.87125 0.047469512195121966 0.029969512195122006
02 0.715625 0.14375 0.08123214285714286 0.06498214285714286
02 0.198125 0.190625 0.0687375 0.0312375
