17 0.129375 0.860625 0.03373355263157894 0.0362335526315789
01 0.795625 0.3725 0.018741610738254866 0.01999161073825506
01 0.96875 0.96625 0.019956896551724057 0.01745689655172422
12 0.283125 0.408125 0.026244444444444404 0.026244444444444515
04 0.18562499999999998 0.8668750000000001 0.016238095238095246 0.013738095238095105
04 0.56 0.708125 0.022492977528089875 0.026242977528089906
06 0.939375 0.7825 0.038745098039215664 0.042495098039215695
03 0.075 0.79875 0.017456896551724138 0.04745689655172414
00 0.32625000000000004 0.44562500000000005 0.017478448275862035 0.016228448275862062
01 0.8987499999999999 0.09562499999999999 0.0173863636363637 0.01863636363636363
