05 0.24125000000000002 0.17125 0.044983552631578966 0.04498355263157894
08 0.29312499999999997 0.7350000000000001 0.051241610738255006 0.06999161073825488
09 0.255 0.31625000000000003 0.04745689655172414 0.044956896551724135
14 0.13374999999999998 0.573125 0.05999444444444445 0.08624444444444457
05 0.7406220238095238 0.515625 0.03624404761904754 0.05373809523809525
10 0.276875 0.095625 0.03624297752808986 0.033742977528089885
04 0.16312500000000002 0.89125 0.0487450980392157 0.0474950980392157
15 0.2475 0.886875 0.05995689655172412 0.0387068965517241
03 0.500625 0.52875 0.09122844827586207 0.049978448275862064
10 0.414375 0.59125 0.04113636363636364 0.03488636363636355
