07 0.07625 0.181875 0.014983552631578939 0.02873355263157898
11 0.57125 0.59375 0.024991610738255066 0.01999161073825495
14 0.954375 0.31625000000000003 0.026206896551724146 0.02995689655172412
02 0.700625 0.893125 0.033744444444444355 0.021244444444444288
18 0.286875 0.979375 0.016238095238095274 0.01873809523809511
13 0.313125 0.4225 0.05124297752808987 0.13999297752808987
18 0.645 0.645 0.017495098039215673 0.01999509803921562
04 0.015010775862068965 0.69125 0.01997844827586207 0.014956896551724164
06 0.583125 0.07875 0.05622844827586215 0.027478448275862072
10 0.70875 0.11624999999999999 0.02738636363636382 0.019886363636363633
12 0.231875 0.868125 0.028735795454545465 0.0337357954545453
12 0.6893750000000001 0.199375 0.023719512195122028 0.053719512195122
01 0.4375 0.08875 0.02498214285714284 0.017482142857142877
13 0.265 0.46687500000000004 0.054987499999999995 0.023737500000000022
