06 0.670625 0.04 0.02123355263157889 0.017483552631578955
07 0.405 0.536875 0.01749161073825506 0.011241610738255137
01 0.44125000000000003 0.7106250000000001 0.009956896551724104 0.011206896551724133
14 0.2493763888888889 0.18937500000000002 0.031247222222222232 0.018744444444444425
04 0.706875 0.48375 0.02623809523809517 0.02248809523809525
01 0.90375 0.569375 0.014992977528089813 0.016242977528089786
06 0.8331237745098039 0.15812500000000002 0.003747549019607832 0.021245098039215676
09 0.251864224137931 0.79125 0.028728448275862073 0.01745689655172411
03 0.0975 0.44875 0.012478448275862059 0.017478448275862035
08 0.8775 0.295625 0.029886363636363655 0.01613636363636367
14 0.138125 0.49375 0.018735795454545456 0.029985795454545494
06 0.031242378048780488 0.26125 0.05998475609756097 0.009969512195121988
20 0.2975 0.365 0.019982142857142837 0.019982142857142837
12 0.965625 0.053125000000000006 0.03373750000000009 0.0212375
