05 0.85125 0.16125 0.014983552631578911 0.03498355263157896
20 0.6487499999999999 0.34625 0.022491610738255008 0.014991610738255057
11 0.321875 0.901875 0.028706896551724148 0.0237068965517242
03 0.18 0.3725 0.02499444444444443 0.04999444444444445
12 0.041249999999999995 0.60875 0.03248809523809523 0.024988095238095198
03 0.095625 0.22749999999999998 0.026242977528089878 0.019992977528089845
14 0.22999999999999998 0.8525 0.02749509803921571 0.03749509803921569
00 0.369375 0.16 0.028706896551724093 0.019956896551724113
07 0.150625 0.60375 0.04872844827586206 0.01747844827586209
11 0.113125 0.828125 0.03113636363636363 0.026136363636363846
01 0.686875 0.845 0.023735795454545405 0.02498579545454538
12 0.3775 0.30937499999999996 0.03246951219512195 0.038719512195121986
14 0.244375 0.921875 0.018732142857142864 0.05623214285714284
