02 0.63375 0.185 0.06998355263157896 0.14748355263157897
04 0.27499999999999997 0.13875 0.08249161073825503 0.05249161073825505
14 0.45999999999999996 0.294375 0.062456896551724095 0.053706896551724115
14 0.326875 0.18125000000000002 0.16374444444444447 0.039994444444444416
06 0.849375 0.8674999999999999 0.028738095238095118 0.23998809523809517
09 0.4075 0.335625 0.1074929775280899 0.07124297752808983
18 0.934375 0.9393750000000001 0.05874509803921568 0.056245098039215624
04 0.5393749999999999 0.27625 0.08620689655172409 0.07245689655172413
14 0.5975 0.46 0.06247844827586202 0.039978448275862055
04 0.5700000000000001 0.255 0.07488636363636358 0.05738636363636365
01 0.6443749999999999 0.344375 0.058735795454545436 0.03623579545454547
13 0.7875 0.283125 0.092469512195122 0.208719512195122
01 0.825625 0.096875 0.053732142857142784 0.041232142857142856
