03 0.618125 0.549375 0.013733552631578938 0.031233552631578898
11 0.36250000000000004 0.88625 0.027491610738255068 0.022491610738254897
03 0.879375 0.663125 0.01370689655172419 0.016206896551724137
09 0.04875 0.62125 0.04999444444444445 0.04499444444444434
07 0.56125 0.03 0.04248809523809527 0.017488095238095233
03 0.688125 0.661875 0.036242977528089915 0.016242977528089897
12 0.586875 0.16875 0.031245098039215713 0.06499509803921569
06 0.9181250000000001 0.7975 0.011206896551724133 0.08995689655172412
18 0.23875000000000002 0.20875 0.019978448275862065 0.022478448275862067
13 0.41 0.8375 0.0323863636363636 0.0748863636363637
06 0.5487535511363637 0.255 0.017492897727272694 0.07248579545454548
02 0.714375 0.4275 0.03621951219512198 0.027469512195121948
18 0.340625 0.150625 0.02123214285714281 0.02373214285714284
