12 0.271875 0.9125 0.04873355263157894 0.047483552631578885
15 0.21625 0.766875 0.052491610738255035 0.026241610738254928
06 0.965 0.25125 0.01745689655172411 0.04745689655172411
20 0.09875 0.49375 0.039994444444444444 0.0399944444444445
15 0.725625 0.44375 0.051238095238095194 0.04248809523809527
04 0.53375 0.905 0.03499297752808983 0.029992977528089826
18 0.7825 0.91375 0.024995098039215735 0.027495098039215682
12 0.744375 0.231875 0.04120689655172405 0.06120689655172415
04 0.22875 0.79 0.03747844827586208 0.03497844827586227
00 0.6368750000000001 0.521875 0.03863636363636369 0.03863636363636358
06 0.35125 0.7462500000000001 0.03248579545454544 0.1274857954545453
11 0.818125 0.629375 0.03621951219512198 0.033719512195121926
06 0.14125 0.50125 0.02498214285714287 0.024982142857142786
