07 0.36875411184210527 0.6268750000000001 0.027491776315789473 0.023733552631578836
10 0.893125 0.844375 0.018741610738254866 0.018741610738254977
03 0.320625 0.299375 0.028706896551724093 0.0387068965517241
20 0.411875 0.496875 0.02124444444444451 0.018744444444444563
13 0.7425 0.858125 0.007488095238095127 0.03873809523809513
03 0.38375 0.6343749999999999 0.049992977528089844 0.01374297752808984
05 0.566875 0.131875 0.011245098039215695 0.028745098039215697
03 0.094375 0.91125 0.02870689655172412 0.01745689655172411
09 0.1 0.040624999999999994 0.024978448275862056 0.028728448275862066
12 0.79625 0.094375 0.039886363636363775 0.028636363636363626
