09 0.5093749999999999 0.36124999999999996 0.018733552631578942 0.027483552631578922
14 0.740625 0.805625 0.05124161073825495 0.031241610738254932
12 0.357510775862069 0.72875 0.0274784482758621 0.024956896551724173
03 0.7418750000000001 0.18375 0.026244444444444404 0.017494444444444424
13 0.21000000000000002 0.631875 0.06748809523809526 0.06623809523809521
14 0.95375 0.148125 0.024992977528089932 0.031242977528089882
01 0.4375012254901961 0.26937500000000003 0.009997549019607865 0.008745098039215693
19 0.56625 0.645 0.01745689655172411 0.029956896551724066
19 0.351875 0.03874999999999999 0.03372844827586208 0.029978448275862067
03 0.665 0.3525 0.039886363636363775 0.027386363636363598
20 0.795625 0.280625 0.023735795454545294 0.02373579545454546
09 0.14 0.620625 0.01996951219512197 0.03121951219512198
