06 0.379375 0.8512500000000001 0.02123355263157889 0.05998355263157895
06 0.6018749999999999 0.516875 0.038741610738255106 0.111241610738255
01 0.05437500000000001 0.6018749999999999 0.026206896551724153 0.02120689655172414
12 0.08375 0.18 0.04749444444444445 0.037494444444444414
04 0.5606249999999999 0.7481249999999999 0.026238095238095283 0.01623809523809505
03 0.430625 0.47750000000000004 0.01374297752808984 0.03249297752808983
03 0.5125 0.138125 0.032495098039215686 0.08374509803921569
07 0.48687499999999995 0.715 0.0362068965517241 0.014956896551724164
01 0.25375 0.094375 0.022478448275862067 0.016228448275862062
05 0.13374999999999998 0.21000000000000002 0.024886363636363623 0.029886363636363683
13 0.556875 0.49 0.09873579545454547 0.06498579545454541
06 0.91625 0.50125 0.02746951219512206 0.09246951219512195
08 0.28125 0.159375 0.019982142857142837 0.04623214285714283
13 0.510625 0.848125 0.03123750000000003 0.05623749999999994
