15 0.14375 0.12437500000000001 0.029983552631578952 0.09873355263157897
19 0.848125 0.370625 0.02374161073825487 0.03624161073825505
12 0.725625 0.888125 0.07370689655172413 0.05870689655172423
19 0.1175 0.398125 0.01249444444444446 0.036244444444444524
14 0.505625 0.5487500000000001 0.023738095238095225 0.019988095238095194
12 0.585 0.876875 0.029992977528089826 0.04874297752808987
03 0.964375 0.08937500000000001 0.028745098039215655 0.016245098039215686
14 0.366875 0.33875 0.026206896551724146 0.044956896551724135
15 0.746875 0.53375 0.03122844827586213 0.07997844827586204
14 0.98125 0.66625 0.014886363636363753 0.03238636363636371
12 0.27125 0.146875 0.03248579545454544 0.038735795454545474
03 0.63 0.099375 0.04996951219512202 0.023719512195121945
12 0.194375 0.74375 0.036232142857142824 0.07748214285714283
