10 0.82875 0.199375 0.037483552631578876 0.03873355263157896
20 0.615625 0.47375 0.0337416107382551 0.034991610738255075
00 0.71 0.646875 0.03745689655172413 0.036206896551724155
18 0.678125 0.931875 0.026244444444444293 0.02874444444444435
07 0.64125 0.2125 0.037488095238095154 0.03248809523809526
07 0.10812675561797752 0.8500000000000001 0.021246488764044932 0.04499297752808984
13 0.95 0.906875 0.07749509803921562 0.07624509803921575
14 0.208125 0.796875 0.043706896551724134 0.04120689655172405
20 0.87375 0.871875 0.02747844827586221 0.018728448275862175
08 0.715625 0.734375 0.02113636363636373 0.08113636363636378
18 0.145625 0.096875 0.026235795454545463 0.028735795454545465
13 0.06937499999999999 0.38875000000000004 0.07121951219512195 0.04996951219512197
14 0.79125 0.603125 0.04498214285714286 0.03373214285714288
