06 0.365625 0.660625 0.011233552631578936 0.033733552631578956
18 0.044375 0.599375 0.028741610738255034 0.031241610738255043
14 0.328125 0.23062500000000002 0.046206896551724164 0.043706896551724134
07 0.20375 0.778125 0.049994444444444425 0.02874444444444435
03 0.920625 0.84625 0.04373809523809513 0.02248809523809514
01 0.384375 0.7525 0.021242977528089846 0.022492977528089875
01 0.8031250000000001 0.428125 0.04374509803921567 0.026245098039215653
04 0.79375 0.26125 0.03745689655172413 0.034956896551724126
06 0.6156250000000001 0.8262499999999999 0.10372844827586214 0.0174784482758622
02 0.5575 0.549375 0.014886363636363642 0.0586363636363636
14 0.4325 0.08937500000000001 0.029985795454545494 0.06123579545454545
00 0.576875 0.565 0.04121951219512199 0.04496951219512202
