18 0.6368750000000001 0.26625 0.043733552631578854 0.044983552631578994
14 0.385 0.75 0.02999161073825507 0.05499161073825487
08 0.2525 0.5675 0.03745689655172413 0.02745689655172412
06 0.10187638888888889 0.2575 0.08624722222222221 0.09499444444444441
13 0.774375 0.165 0.06373809523809515 0.10748809523809526
03 0.313125 0.309375 0.021242977528089846 0.06624297752808983
18 0.31937499999999996 0.844375 0.031245098039215657 0.03374509803921577
03 0.50875 0.7625 0.05495689655172409 0.02745689655172412
01 0.1075 0.860625 0.022478448275862067 0.01622844827586223
03 0.515625 0.143125 0.05363636363636365 0.04363636363636364
08 0.18312499999999998 0.10875 0.04373579545454545 0.04248579545454548
11 0.249375 0.8725 0.04871951219512197 0.04246951219512207
01 0.11 0.790625 0.03748214285714288 0.036232142857142824
04 0.20375 0.958125 0.03998750000000004 0.03873750000000009
