03 0.83875 0.6375 0.03498355263157893 0.014983552631578911
11 0.359375 0.935 0.028741610738255097 0.01999161073825484
06 0.379375 0.32375 0.05620689655172412 0.04995689655172414
14 0.98 0.661875 0.03249444444444438 0.04874444444444448
04 0.489375 0.554375 0.026238095238095227 0.021238095238095278
11 0.548125 0.37875000000000003 0.0312429775280898 0.02249297752808982
07 0.925 0.109375 0.01999509803921573 0.036245098039215704
14 0.850625 0.22 0.028706896551724093 0.04995689655172414
16 0.25687499999999996 0.964375 0.04372844827586203 0.03122844827586224
15 0.6987215909090909 0.041874999999999996 0.009943181818181879 0.04113636363636363
