04 0.7418750000000001 0.190625 0.02873355263157895 0.026233552631578977
12 0.9081250000000001 0.144375 0.046241610738254946 0.03874161073825505
04 0.6575 0.0875 0.029956896551724177 0.027456896551724147
15 0.83375 0.435 0.039994444444444444 0.014994444444444532
12 0.765625 0.47 0.05123809523809508 0.049988095238095276
10 0.341875 0.615 0.023742977528089848 0.01749297752808987
00 0.401875 0.948125 0.03874509803921572 0.02624509803921571
07 0.916875 0.25187499999999996 0.0387068965517241 0.04620689655172411
00 0.260625 0.874375 0.03622844827586205 0.02372844827586218
15 0.058124999999999996 0.663125 0.01863636363636364 0.01363636363636378
20 0.745625 0.648125 0.0287357954545453 0.02123579545454546
04 0.454375 0.876875 0.03371951219512198 0.02121951219512197
06 0.323125 0.111875 0.061232142857142846 0.07373214285714286
06 0.809375 0.25125 0.043737500000000096 0.07248750000000001
