06 0.35937088815789475 0.794375 0.06624177631578948 0.0462335526315788
01 0.026875 0.850625 0.036241610738255034 0.03624161073825494
06 0.4275 0.748125 0.06745689655172415 0.036206896551724155
20 0.7893749999999999 0.3075 0.026244444444444404 0.022494444444444428
09 0.971875 0.22125 0.021238095238095167 0.03248809523809526
10 0.458125 0.103125 0.03624297752808986 0.03874297752808989
04 0.120625 0.645 0.03374509803921569 0.024995098039215735
04 0.108125 0.128125 0.02870689655172412 0.026206896551724132
03 0.12 0.515 0.03247844827586205 0.039978448275862055
14 0.938125 0.5900000000000001 0.04113636363636375 0.022386363636363593
08 0.111875 0.641875 0.09375 0.041235795454545476
16 0.570625 0.705625 0.03121951219512198 0.04121951219512188
04 0.739375 0.37 0.02373214285714287 0.02498214285714284
09 0.218125 0.07062500000000001 0.04873750000000002 0.04123750000000001
