14 0.9375 0.07625 0.022483552631578974 0.019983552631578944
15 0.37687499999999996 0.675625 0.018741610738255032 0.03374161073825488
11 0.934375 0.870625 0.028706896551724204 0.026206896551724146
17 0.6675 0.56875 0.03999444444444433 0.0374944444444445
18 0.7381249999999999 0.361875 0.023738095238095114 0.026238095238095283
15 0.665625 0.5125 0.028742977528089853 0.022492977528089875
01 0.109375 0.76875 0.018745098039215702 0.014995098039215615
06 0.1775 0.72125 0.034956896551724126 0.07245689655172416
07 0.595 0.215 0.022478448275862095 0.029978448275862046
15 0.2625 0.24875 0.009886363636363638 0.03238636363636366
15 0.76125 0.2025 0.019985795454545263 0.04498579545454548
01 0.35062499999999996 0.5643750000000001 0.038719512195121986 0.026219512195121975
