12 0.143125 0.874375 0.05123355263157896 0.07873355263157888
03 0.7375 0.79375 0.06749161073825494 0.05499161073825498
12 0.55625 0.5625 0.049956896551724084 0.09745689655172418
11 0.61375 0.325 0.047494444444444506 0.0424944444444445
06 0.681875 0.390625 0.048738095238095136 0.03623809523809529
14 0.6225 0.09687500000000002 0.03749297752808978 0.061242977528089895
11 0.2 0.60875 0.04499509803921567 0.0474950980392157
12 0.834375 0.535625 0.07120689655172407 0.061206896551724066
07 0.9393750000000001 0.963125 0.05872844827586221 0.04122844827586225
13 0.49875 0.33625 0.10488636363636356 0.07738636363636364
18 0.13125 0.055625 0.029985795454545452 0.031235795454545454
11 0.656875 0.365 0.043719512195121935 0.03246951219512195
