00 0.76625 0.874375 0.027483552631578867 0.02873355263157884
16 0.975 0.68875 0.03499161073825485 0.049991610738254866
06 0.579375 0.635625 0.011206896551724133 0.0387068965517241
01 0.656875 0.66625 0.026244444444444293 0.02499444444444432
18 0.289375 0.7406250000000001 0.021238095238095278 0.023738095238095114
05 0.28125 0.659375 0.01749297752808987 0.036242977528089804
04 0.556875 0.16249999999999998 0.023745098039215762 0.0174950980392157
15 0.8556250000000001 0.63625 0.04120689655172416 0.029956896551724066
03 0.19625538793103448 0.69875 0.019989224137931028 0.014978448275862144
00 0.69 0.369375 0.03488636363636377 0.02863636363636357
