09 0.43625 0.22499999999999998 0.027483552631578922 0.042483552631578964
08 0.44437499999999996 0.215 0.016241610738255086 0.009991610738255052
05 0.901875 0.81375 0.016206896551724137 0.024956896551724173
03 0.951875 0.860625 0.02874444444444435 0.023744444444444346
15 0.16499999999999998 0.376875 0.004988095238095264 0.016238095238095274
11 0.04 0.94 0.017492977528089884 0.019992977528089928
12 0.835 0.7324999999999999 0.02999509803921574 0.03499509803921563
01 0.5706249999999999 0.30000000000000004 0.02120689655172414 0.019956896551724113
03 0.663125 0.438125 0.01372844827586217 0.011228448275862057
12 0.944375 0.45687500000000003 0.02113636363636373 0.02613636363636357
10 0.23249999999999998 0.325625 0.019985795454545457 0.013735795454545507
10 0.1875 0.723125 0.019969512195121997 0.013719512195121908
01 0.871875 0.08625 0.008732142857142855 0.007482142857142868
05 0.105 0.23375 0.012487500000000012 0.02248750000000002
