20 0.27625 0.11750000000000001 0.022483552631578974 0.019983552631578944
01 0.450625 0.5575 0.013741610738255083 0.01249161073825511
11 0.404375 0.225 0.026206896551724146 0.02745689655172412
11 0.1075 0.22625 0.032494444444444465 0.029994444444444435
00 0.09 0.908125 0.04248809523809523 0.028738095238095118
12 0.536875 0.68625 0.03374297752808986 0.039992977528089835
11 0.204375 0.913125 0.031245098039215713 0.02374509803921565
02 0.079375 0.561875 0.03370689655172414 0.0387068965517241
04 0.395 0.96 0.024978448275862097 0.02747844827586221
10 0.436875 0.489375 0.026136363636363624 0.026136363636363624
10 0.4275 0.26375 0.027485795454545436 0.029985795454545466
18 0.6875 0.35875 0.022469512195121943 0.024969512195122
11 0.7475 0.96625 0.03248214285714279 0.029982142857142846
04 0.33499999999999996 0.915 0.0299875 0.027487499999999998
