04 0.22062500000000002 0.869375 0.013733552631578966 0.011233552631578991
00 0.26625 0.395625 0.027491610738255068 0.023741610738255092
15 0.8668750000000001 0.46625 0.02120689655172414 0.024956896551724173
18 0.8500000000000001 0.8200000000000001 0.017494444444444368 0.019994444444444315
13 0.8687499999999999 0.250625 0.034988095238095096 0.06373809523809526
04 0.180625 0.9075 0.023742977528089848 0.014992977528089813
15 0.43625 0.1825 0.03499509803921569 0.027495098039215682
07 0.62 0.451875 0.029956896551724066 0.02620689655172409
18 0.24937499999999999 0.221875 0.016228448275862062 0.018728448275862064
10 0.231875 0.78125 0.021136363636363675 0.01738636363636381
20 0.7168749999999999 0.09875 0.013735795454545285 0.014985795454545467
18 0.014375 0.913125 0.018719512195121954 0.02121951219512197
03 0.23062500000000002 0.48875 0.09373214285714285 0.05998214285714282
15 0.856875 0.8475 0.023737500000000078 0.022487499999999994
