03 0.42874999999999996 0.396875 0.042483552631578936 0.0337335526315789
14 0.31937499999999996 0.218125 0.06624161073825502 0.03874161073825502
02 0.70625 0.1325 0.09245689655172418 0.08495689655172413
01 0.027500000000000004 0.14625 0.03749444444444445 0.03499444444444444
01 0.103125 0.5918749999999999 0.02373809523809524 0.016238095238095274
06 0.54125 0.864375 0.05249297752808979 0.11374297752808982
11 0.770625 0.1075 0.03624509803921572 0.03499509803921569
20 0.8318749999999999 0.9043749999999999 0.023706896551724088 0.023706896551724088
03 0.9550000000000001 0.921875 0.02747844827586221 0.02372844827586218
00 0.29125 0.25375000000000003 0.03738636363636366 0.03738636363636366
14 0.22062500000000002 0.271875 0.058735795454545464 0.04373579545454548
18 0.21375 0.7625 0.019969512195121997 0.022469512195122054
04 0.03874999999999999 0.895 0.03498214285714285 0.02498214285714284
06 0.6112500000000001 0.17875000000000002 0.029987499999999945 0.017487500000000017
