15 0.47875 0.263125 0.009983552631578907 0.016233552631578996
13 0.255 0.8175 0.04749161073825503 0.069991610738255
14 0.094375 0.8 0.013706896551724135 0.022456896551724115
01 0.60375 0.843125 0.014994444444444532 0.013744444444444337
08 0.055 0.330625 0.02498809523809524 0.033738095238095234
10 0.0625 0.26437499999999997 0.032492977528089884 0.03374297752808983
11 0.949375 0.7806249999999999 0.02624509803921571 0.021245098039215704
10 0.824375 0.03875 0.0387068965517241 0.02495689655172414
06 0.965 0.87375 0.00997844827586225 0.05497844827586218
15 0.22684659090909093 0.59375 0.023693181818181835 0.019886363636363535
02 0.561875 0.71625 0.018735795454545512 0.012485795454545312
19 0.309375 0.35125 0.016219512195121966 0.03246951219512195
