03 0.46875 0.25375000000000003 0.014983552631578911 0.02998355263157898
10 0.27375 0.299375 0.027491610738255012 0.02624161073825504
18 0.135 0.323125 0.017456896551724138 0.02120689655172414
12 0.864375 0.3175 0.0362444444444443 0.039994444444444444
11 0.49812500000000004 0.7581249999999999 0.031238095238095342 0.031238095238095176
03 0.760625 0.545 0.04874297752808987 0.029992977528089826
14 0.33687500000000004 0.7106250000000001 0.023745098039215706 0.05374509803921568
03 0.94 0.9393750000000001 0.05245689655172414 0.023706896551724088
03 0.13624999999999998 0.135 0.022478448275862067 0.024978448275862056
02 0.854375 0.49624999999999997 0.03113636363636374 0.03988636363636355
16 0.754375 0.203125 0.0337357954545453 0.03623579545454547
01 0.405 0.081875 0.017469512195121994 0.016219512195121938
19 0.95375 0.130625 0.032482142857142904 0.021232142857142852
