15 0.579375 0.9125000000000001 0.02123355263157889 0.022483552631578863
09 0.9437500000000001 0.036875 0.0274916107382549 0.02124161073825503
12 0.338125 0.440625 0.028706896551724093 0.03120689655172415
18 0.14625 0.641875 0.014994444444444449 0.016244444444444506
07 0.93625 0.48125 0.019988095238095083 0.047488095238095274
20 0.15375 0.968125 0.019992977528089872 0.016242977528089897
03 0.875625 0.9025 0.06624509803921574 0.027495098039215682
04 0.9781249999999999 0.405625 0.023706896551724088 0.02120689655172414
14 0.6543749999999999 0.084375 0.018728448275862175 0.03872844827586207
09 0.268125 0.178125 0.02113636363636362 0.018636363636363673
14 0.14 0.874375 0.017485795454545455 0.031235795454545245
06 0.453125 0.19624999999999998 0.061219512195122006 0.02246951219512197
