06 0.840625 0.6368750000000001 0.06873355263157899 0.061233552631578925
03 0.34875 0.35875 0.027491610738255012 0.05499161073825504
03 0.4275 0.523125 0.032456896551724124 0.05620689655172412
04 0.21187499999999998 0.656875 0.03374444444444444 0.023744444444444346
01 0.45875 0.226875 0.024988095238095254 0.026238095238095283
20 0.57875 0.128125 0.02749297752808988 0.031242977528089882
13 0.37687499999999996 0.43562500000000004 0.0862450980392157 0.10124509803921572
14 0.5549999999999999 0.128125 0.06995689655172421 0.043706896551724134
03 0.786875 0.609375 0.06122844827586227 0.028728448275862073
07 0.88 0.306875 0.0698863636363638 0.10113636363636364
06 0.685 0.8474999999999999 0.0649857954545453 0.08498579545454532
