03 0.59 0.971875 0.03498355263157893 0.02873355263157895
04 0.5487500000000001 0.569375 0.03999161073825508 0.031241610738255043
11 0.051250000000000004 0.43125 0.03245689655172415 0.024956896551724117
05 0.196875 0.64375 0.03624444444444441 0.017494444444444368
09 0.9299999999999999 0.605 0.029988095238095203 0.04998809523809533
04 0.14375 0.051250000000000004 0.039992977528089876 0.02999297752808989
09 0.27437500000000004 0.65875 0.02874509803921571 0.04499509803921564
03 0.110625 0.5218750000000001 0.02370689655172413 0.0337068965517241
11 0.774375 0.29125 0.03122844827586224 0.039978448275862055
12 0.07500000000000001 0.19375 0.06988636363636364 0.06988636363636364
15 0.90625 0.230625 0.012485795454545423 0.031235795454545467
06 0.295625 0.027499999999999997 0.03371951219512198 0.027469512195121948
01 0.325625 0.22125 0.03373214285714288 0.02248214285714284
14 0.175625 0.56375 0.0587375 0.04498749999999996
