06 0.97 0.871875 0.007483552631578849 0.06873355263157899
00 0.755625 0.301875 0.028741610738254986 0.021241610738255035
13 0.838125 0.48750000000000004 0.06870689655172413 0.027456896551724175
08 0.174375 0.3675 0.011244444444444446 0.01749444444444448
10 0.8300000000000001 0.5825 0.029988095238095203 0.03248809523809526
01 0.11875000000000001 0.713125 0.014992977528089896 0.011242977528089781
00 0.8 0.875625 0.027495098039215682 0.028745098039215655
20 0.97 0.913125 0.02745689655172412 0.028706896551724093
04 0.09875 0.196875 0.03747844827586207 0.02622844827586207
04 0.29500000000000004 0.12875 0.027386363636363653 0.02488636363636365
12 0.21562499999999998 0.07750000000000001 0.07123579545454545 0.07248579545454546
04 0.5625 0.7987500000000001 0.03746951219512207 0.022469512195122054
