08 0.599375 0.839375 0.026233552631578894 0.11373355263157892
06 0.6881250000000001 0.7 0.026241610738254928 0.01999161073825484
03 0.41312499999999996 0.715 0.028706896551724148 0.07745689655172416
04 0.349375 0.161875 0.03124444444444452 0.02624444444444446
20 0.17250000000000001 0.565625 0.03248809523809526 0.023738095238095336
03 0.54 0.436875 0.03749297752808989 0.04874297752808987
11 0.694375 0.905625 0.038745098039215664 0.03374509803921577
03 0.1525 0.5675 0.06995689655172414 0.07995689655172411
05 0.46562499999999996 0.431875 0.031228448275862075 0.04122844827586203
20 0.45125000000000004 0.298125 0.0298863636363636 0.021136363636363675
00 0.16375 0.20375 0.04498579545454548 0.039985795454545475
