05 0.540625 0.33125 0.026233552631578894 0.04998355263157894
13 0.369375 0.70125 0.05874161073825501 0.06249161073825493
14 0.586875 0.2675 0.07120689655172419 0.032456896551724124
03 0.37625 0.18 0.02999444444444449 0.019994444444444426
06 0.7106250000000001 0.23562499999999997 0.013738095238095105 0.03123809523809526
01 0.14625 0.24875 0.014992977528089896 0.014992977528089868
03 0.4225012254901961 0.865625 0.017497549019607872 0.013745098039215753
18 0.28125 0.6075 0.022456896551724115 0.02745689655172412
14 0.408125 0.11000000000000001 0.03872844827586208 0.03997844827586207
06 0.22065340909090908 0.7381249999999999 0.08619318181818181 0.10863636363636375
19 0.365625 0.061250000000000006 0.04873579545454548 0.03998579545454546
04 0.40875 0.234375 0.03246951219512195 0.023719512195121972
12 0.133125 0.428125 0.05123214285714288 0.058732142857142844
18 0.1925 0.863125 0.01998750000000002 0.023737499999999967
