13 0.801875 0.38187499999999996 0.07873355263157888 0.06623355263157887
01 0.04375 0.17125 0.02499161073825503 0.019991610738255033
18 0.6525 0.3175 0.01745689655172411 0.019956896551724168
20 0.9137500000000001 0.59 0.02249444444444426 0.014994444444444532
15 0.48 0.6443749999999999 0.01998809523809525 0.023738095238095114
11 0.25125 0.619375 0.024992977528089877 0.026242977528089906
15 0.22875122549019605 0.12125 0.014997549019607842 0.01249509803921571
10 0.495625 0.6174999999999999 0.021206896551724197 0.022456896551724115
04 0.37812500000000004 0.439375 0.016228448275862062 0.018728448275862064
09 0.775625 0.346875 0.018636363636363784 0.023636363636363567
08 0.73875 0.688125 0.01498579545454537 0.026235795454545352
