20 0.31124999999999997 0.07874999999999999 0.03498355263157893 0.03498355263157894
03 0.71625 0.938125 0.04499161073825497 0.031241610738254932
15 0.5506249999999999 0.10125 0.023706896551724088 0.01245689655172412
12 0.30125 0.08875 0.06999444444444447 0.06249444444444445
06 0.12437500000000001 0.78125 0.11623809523809525 0.009988095238095074
02 0.485 0.746875 0.03249297752808977 0.07624297752808984
03 0.8518749999999999 0.5225 0.031245098039215713 0.054995098039215706
09 0.441875 0.323125 0.053706896551724115 0.04870689655172411
15 0.4662553879310345 0.39812499999999995 0.029989224137931036 0.016228448275862062
14 0.87625 0.9237500000000001 0.019886363636363757 0.03488636363636377
05 0.410625 0.5725 0.02123579545454546 0.04998579545454551
10 0.583125 0.040624999999999994 0.04621951219512188 0.03621951219512195
03 0.843125 0.4625 0.0637321428571429 0.03748214285714285
