06 0.786875 0.08687088815789473 0.12123355263157887 0.026241776315789472
01 0.750625 0.961875 0.028741610738254986 0.031241610738254932
06 0.345 0.60625 0.03745689655172413 0.022456896551724115
10 0.93625 0.208125 0.04499444444444434 0.028744444444444434
14 0.5825 0.441875 0.04248809523809527 0.038738095238095294
18 0.365 0.685 0.029992977528089826 0.032492977528089884
06 0.243125 0.188125 0.0762450980392157 0.0512450980392157
10 0.893125 0.92125 0.03120689655172415 0.03495689655172418
03 0.6925 0.33125 0.06497844827586219 0.06497844827586208
14 0.4125 0.879375 0.0298863636363636 0.02113636363636373
