20 0.23625000000000002 0.32375 0.012483552631578992 0.014983552631578911
14 0.5225 0.11125 0.024991610738255066 0.032491610738255045
15 0.770625 0.05561422413793104 0.03374999999999995 0.023728448275862082
13 0.10125 0.14 0.052494444444444455 0.03749444444444447
12 0.72125 0.44375 0.03248809523809515 0.03498809523809526
00 0.8331249999999999 0.53375 0.023742977528089848 0.014992977528089813
01 0.740625 0.5425 0.02624509803921571 0.027495098039215682
07 0.37876077586206897 0.85625 0.04497844827586206 0.022456896551724115
15 0.2625 0.459375 0.03997844827586208 0.028728448275862073
11 0.7575000000000001 0.88625 0.02738636363636371 0.03238636363636371
