09 0.26937500000000003 0.6812499999999999 0.03623355263157896 0.019983552631578916
00 0.6575 0.30062500000000003 0.034991610738254963 0.033741610738255046
06 0.3375 0.8225 0.04745689655172414 0.049956896551724084
03 0.8987499999999999 0.93625 0.02249444444444426 0.02499444444444432
20 0.98125 0.251875 0.024988095238095087 0.018738095238095248
12 0.786875 0.696875 0.03374297752808986 0.0312429775280898
10 0.31937499999999996 0.495 0.026245098039215653 0.017495098039215673
08 0.176875 0.731875 0.01870689655172414 0.02120689655172414
03 0.09 0.144375 0.034978448275862065 0.031228448275862075
00 0.42562500000000003 0.16 0.02613636363636357 0.02488636363636365
11 0.8356250000000001 0.4175 0.023735795454545294 0.027485795454545492
10 0.753125 0.675625 0.023719512195122028 0.02121951219512197
15 0.185 0.11625 0.027482142857142844 0.02498214285714287
