05 0.765625 0.7887500000000001 0.016233552631578885 0.02498355263157881
20 0.429375 0.5606249999999999 0.018741610738255088 0.018741610738255088
12 0.28 0.628125 0.03995689655172413 0.03120689655172415
08 0.5762499999999999 0.32062500000000005 0.039994444444444555 0.01624444444444445
20 0.04625 0.856875 0.019988095238095235 0.013738095238095105
12 0.290625 0.43062500000000004 0.023742977528089848 0.02624297752808985
10 0.045625 0.944375 0.023745098039215685 0.021245098039215704
03 0.21000000000000002 0.48062499999999997 0.01995689655172414 0.013706896551724135
18 0.764375 0.549375 0.01622844827586223 0.018728448275862064
03 0.49375 0.6799999999999999 0.022386363636363538 0.019886363636363646
10 0.16375 0.905625 0.027485795454545464 0.01873579545454529
16 0.66875 0.5549999999999999 0.019969512195121997 0.03496951219512201
12 0.341875 0.7350000000000001 0.03123214285714282 0.029982142857142846
12 0.6268750000000001 0.46875 0.051237499999999936 0.04248750000000001
