04 0.260625 0.5218750000000001 0.026233552631578977 0.018733552631578942
03 0.423125 0.848125 0.016241610738255086 0.01624161073825492
03 0.8612500000000001 0.859375 0.012456896551724106 0.036206896551724155
03 0.67375 0.126875 0.022494444444444373 0.026244444444444445
03 0.6625 0.75375 0.017488095238095136 0.04748809523809516
18 0.39375 0.21875 0.012492977528089866 0.014992977528089868
20 0.84625 0.76 0.017495098039215784 0.01999509803921562
03 0.043750000000000004 0.08374999999999999 0.01995689655172414 0.04745689655172413
01 0.7887500000000001 0.8300000000000001 0.01997844827586215 0.01997844827586215
15 0.979375 0.598125 0.028636363636363793 0.02113636363636362
12 0.24 0.663125 0.027485795454545436 0.031235795454545356
