20 0.4175 0.5862499999999999 0.02498355263157892 0.022483552631578863
03 0.7887500000000001 0.59625 0.029991610738254848 0.0599916107382551
15 0.6643749999999999 0.7206250000000001 0.011206896551724133 0.01370689655172408
05 0.400625 0.855 0.03124444444444452 0.019994444444444426
15 0.5956279761904761 0.958125 0.02624404761904764 0.01873809523809511
12 0.735625 0.1475 0.05874297752808988 0.02999297752808988
04 0.40812499999999996 0.039375 0.033745098039215715 0.031245098039215685
18 0.68625 0.684375 0.01745689655172411 0.02120689655172414
04 0.7893749999999999 0.275625 0.028728448275862184 0.021228448275862066
01 0.3125 0.715 0.014886363636363642 0.012386363636363695
