20 0.26624588815789474 0.3275 0.019991776315789522 0.014983552631578911
14 0.88625 0.14750000000000002 0.04999161073825498 0.04749161073825506
09 0.07625 0.2225 0.03245689655172413 0.04745689655172414
13 0.7081249999999999 0.6312499999999999 0.09124444444444435 0.09749444444444444
20 0.758125 0.3275 0.03873809523809513 0.029988095238095258
00 0.944375 0.7175 0.04874297752808987 0.03749297752808989
12 0.483125 0.16499999999999998 0.08874509803921571 0.052495098039215676
04 0.97125 0.86625 0.04495689655172408 0.032456896551724124
10 0.5181250000000001 0.254375 0.041228448275862084 0.031228448275862047
00 0.821875 0.140625 0.033636363636363686 0.023636363636363622
20 0.14 0.938125 0.039985795454545475 0.03623579545454536
