06 0.19625 0.188125 0.014983552631578967 0.01873355263157897
03 0.029375 0.721875 0.038741610738255036 0.038741610738254884
03 0.34062499999999996 0.6000000000000001 0.023706896551724144 0.019956896551724168
09 0.969375 0.35187500000000005 0.0212444444444444 0.018744444444444508
03 0.01625 0.97 0.009988095238095237 0.019988095238095083
10 0.43875 0.254375 0.01249297752808981 0.011242977528089837
06 0.041874999999999996 0.6975 0.008745098039215686 0.02999509803921563
15 0.8831249999999999 0.661875 0.018706896551724195 0.028706896551724093
05 0.8881303879310345 0.37375 0.016239224137931108 0.017478448275862035
11 0.3225 0.711875 0.024886363636363595 0.018636363636363673
09 0.55125 0.303125 0.022485795454545432 0.05123579545454543
03 0.084375 0.444375 0.01371951219512195 0.02121951219512197
18 0.750625 0.925625 0.01373214285714286 0.016232142857142806
11 0.833125 0.8975 0.023737499999999967 0.02498750000000005
