07 0.2575 0.4175 0.057483552631579005 0.04998355263157889
07 0.7343729026845638 0.5900000000000001 0.08124580536912751 0.042491610738255026
01 0.8843749999999999 0.865 0.03120689655172415 0.02745689655172412
05 0.568125 0.30562500000000004 0.023744444444444568 0.056244444444444486
15 0.3275 0.9 0.029988095238095258 0.08998809523809514
11 0.205625 0.84125 0.03624297752808986 0.047492977528089786
19 0.785625 0.3175 0.023745098039215762 0.049995098039215646
08 0.691875 0.4475 0.0862068965517242 0.04245689655172413
05 0.6656196120689655 0.24375 0.046239224137931134 0.03247844827586205
10 0.6074999999999999 0.14875 0.05238636363636362 0.039886363636363636
