00 0.9225 0.525625 0.0674835526315789 0.04623355263157891
04 0.861875 0.8456250000000001 0.04874161073825489 0.046241610738254946
18 0.35125 0.511875 0.032456896551724124 0.0362068965517241
18 0.39625 0.16125 0.03249444444444449 0.03499444444444447
05 0.26687500000000003 0.25687499999999996 0.05373809523809528 0.036238095238095236
02 0.53625 0.13687499999999997 0.03499297752808994 0.06874297752808986
15 0.5075000000000001 0.0675 0.042495098039215695 0.024995098039215687
02 0.7075 0.908125 0.0749568965517241 0.04870689655172411
04 0.8674999999999999 0.544375 0.05247844827586212 0.05122844827586215
05 0.48750000000000004 0.954375 0.059886363636363626 0.03863636363636369
