09 0.14625 0.17875 0.014983552631578939 0.034983552631578985
18 0.774375 0.78375 0.011241610738254915 0.014991610738254946
12 0.13 0.121875 0.032456896551724124 0.033706896551724125
03 0.9831263888888889 0.78 0.011247222222222186 0.017494444444444368
10 0.60375 0.16062500000000002 0.017488095238095358 0.018738095238095248
01 0.586875 0.588125 0.018742977528089844 0.01374297752808984
10 0.074375 0.44062500000000004 0.023745098039215692 0.018745098039215702
03 0.08373922413793103 0.133125 0.034978448275862065 0.021206896551724128
02 0.838125 0.3275 0.0437284482758622 0.02247844827586204
01 0.63125 0.816875 0.014886363636363642 0.013636363636363669
