13 0.058124999999999996 0.09375 0.06873355263157895 0.06998355263157896
03 0.35875 0.8512500000000001 0.05749161073825504 0.03749161073825491
15 0.59125 0.819375 0.03495689655172407 0.026206896551724146
11 0.52 0.8674999999999999 0.029994444444444435 0.02249444444444426
03 0.978125 0.8512500000000001 0.01873809523809511 0.03998809523809521
05 0.614375 0.131875 0.018742977528089844 0.031242977528089896
14 0.128125 0.84 0.02124509803921569 0.017495098039215673
14 0.3375 0.6825 0.02745689655172412 0.024956896551724173
01 0.30125 0.57125 0.019978448275862093 0.022478448275862095
05 0.873721590909091 0.021875 0.029943181818181897 0.01863636363636364
03 0.333125 0.6837500000000001 0.03623579545454547 0.04248579545454534
