00 0.46125 0.329375 0.03498355263157893 0.0362335526315789
04 0.276875 0.135 0.03624161073825505 0.03749161073825505
10 0.48750000000000004 0.86875 0.027456896551724175 0.024956896551724173
14 0.07 0.690625 0.022494444444444456 0.031244444444444297
04 0.5856250000000001 0.8243750000000001 0.031238095238095176 0.031238095238095176
13 0.2425 0.09187499999999998 0.08499297752808985 0.07874297752808987
20 0.95375 0.403125 0.01999509803921562 0.0162450980392157
20 0.3525 0.41500000000000004 0.03745689655172413 0.024956896551724117
03 0.130625 0.5525 0.036228448275862066 0.019978448275862037
20 0.75875 0.40437500000000004 0.02738636363636371 0.018636363636363618
19 0.57875 0.580625 0.0399857954545455 0.043735795454545534
02 0.108125 0.133125 0.06871951219512194 0.016219512195121938
04 0.63625 0.109375 0.029982142857142846 0.02623214285714287
