06 0.73375 0.9375 0.03498355263157893 0.114983552631579
14 0.32375 0.49375 0.04249161073825508 0.027491610738255068
04 0.41312499999999996 0.20124999999999998 0.028706896551724148 0.022456896551724143
13 0.28125 0.885625 0.05999444444444446 0.061244444444444435
09 0.195 0.60625 0.017488095238095275 0.029988095238095203
18 0.094375 0.22125 0.0187429775280899 0.019992977528089872
13 0.546875 0.81875 0.046245098039215726 0.049995098039215646
14 0.23 0.62125 0.044956896551724135 0.01745689655172411
04 0.830625 0.9725 0.026228448275862237 0.022478448275862206
18 0.36875 0.88 0.01988636363636359 0.022386363636363704
