05 0.131875 0.181875 0.036233552631578944 0.021233552631578972
12 0.41500000000000004 0.6912499999999999 0.05999161073825504 0.0274916107382549
14 0.87625 0.481875 0.019956896551724168 0.043706896551724106
06 0.420625 0.9775 0.031244444444444464 0.017494444444444368
12 0.22999999999999998 0.43062500000000004 0.027488095238095284 0.03123809523809523
06 0.60375 0.340625 0.04249297752808978 0.05874297752808988
16 0.27937500000000004 0.24625 0.03624509803921566 0.03499509803921569
03 0.09187499999999998 0.8987499999999999 0.03620689655172414 0.01745689655172422
11 0.595 0.400625 0.022478448275862095 0.02372844827586207
01 0.849375 0.298125 0.013636363636363669 0.01613636363636367
