01 0.027499999999999997 0.2625 0.024983552631578945 0.022483552631578974
04 0.863125 0.53625 0.03374161073825488 0.027491610738255012
18 0.264375 0.8006249999999999 0.021206896551724086 0.023706896551724088
15 0.045625 0.199375 0.05374444444444445 0.03374444444444441
03 0.52 0.86125 0.017488095238095247 0.037488095238095154
12 0.823125 0.35624999999999996 0.06874297752808989 0.04249297752808984
18 0.71875 0.64625 0.027495098039215682 0.02999509803921563
00 0.41125 0.491875 0.044956896551724135 0.04120689655172416
02 0.5531250000000001 0.18 0.053728448275862095 0.032478448275862076
07 0.45 0.8756250000000001 0.037386363636363606 0.036136363636363744
14 0.5706249999999999 0.9725 0.026235795454545463 0.04998579545454529
