12 0.0925 0.881875 0.029983552631578952 0.043733552631578854
03 0.685 0.669375 0.017491610738254892 0.013741610738254972
01 0.18062499999999998 0.281875 0.021206896551724114 0.01870689655172414
05 0.26875000000000004 0.85625 0.01249444444444442 0.027494444444444377
08 0.21500000000000002 0.07 0.01248809523809527 0.017488095238095233
13 0.316875 0.72125 0.06624297752808989 0.09499297752808988
15 0.365 0.868125 0.009995098039215722 0.03374509803921566
04 0.67375 0.385625 0.01745689655172411 0.018706896551724084
05 0.3275 0.6468750000000001 0.014978448275862088 0.03122844827586213
04 0.639375 0.885625 0.023636363636363678 0.023636363636363678
07 0.343125 0.3575 0.01123579545454545 0.04248579545454545
11 0.294375 0.535625 0.018719512195122023 0.016219512195121966
03 0.076875 0.8756250000000001 0.01623214285714286 0.03123214285714282
