10 0.524375 0.9 0.026233552631578894 0.02498355263157892
18 0.79375 0.3825 0.022491610738254897 0.024991610738255066
05 0.814375 0.711875 0.036206896551724155 0.02120689655172414
05 0.89375 0.078125 0.02499444444444443 0.05124444444444445
11 0.8731249999999999 0.56875 0.051238095238095194 0.03998809523809532
14 0.295 0.32499999999999996 0.022492977528089875 0.04749297752808984
01 0.675 0.919375 0.017495098039215673 0.01624509803921559
04 0.588125 0.52625 0.0387068965517241 0.02745689655172412
02 0.645625 0.4125 0.04872844827586209 0.03747844827586205
10 0.164375 0.8868750000000001 0.026136363636363652 0.026136363636363735
