17 0.5800000000000001 0.176875 0.029983552631578925 0.03873355263157896
18 0.92 0.8668750000000001 0.022491610738254897 0.026241610738254928
06 0.89625 0.11374999999999999 0.08995689655172412 0.03495689655172411
03 0.518125 0.35562499999999997 0.02124444444444451 0.028744444444444517
07 0.1375 0.6756249999999999 0.027488095238095228 0.09373809523809518
02 0.674375 0.84375 0.01374297752808984 0.04499297752808995
06 0.468125 0.074375 0.008745098039215693 0.028745098039215697
13 0.13749999999999998 0.5756249999999999 0.04495689655172412 0.1612068965517241
03 0.0125 0.6756249999999999 0.014978448275862068 0.03872844827586219
04 0.34 0.416875 0.0323863636363636 0.02863636363636357
12 0.62625 0.29625 0.03498579545454539 0.037485795454545445
14 0.28375 0.4375 0.024969512195122 0.05496951219512203
20 0.23375 0.158125 0.024982142857142814 0.021232142857142866
10 0.5856250000000001 0.18625 0.036237500000000034 0.022487499999999994
