19 0.5675 0.046875 0.022483552631578974 0.016233552631578947
04 0.44562500000000005 0.35562499999999997 0.023741610738255037 0.018741610738255032
03 0.36688577586206894 0.7275 0.013728448275862115 0.01745689655172411
07 0.83 0.109375 0.022494444444444373 0.031244444444444464
15 0.2625 0.31625000000000003 0.03248809523809529 0.022488095238095307
18 0.8587499999999999 0.19375 0.012492977528089866 0.014992977528089868
03 0.62875 0.011875000000000002 0.007495098039215664 0.02124509803921569
13 0.5543857758620689 0.7037500000000001 0.043728448275862086 0.032456896551724124
04 0.03375 0.888125 0.019978448275862072 0.018728448275862175
07 0.13874999999999998 0.057499999999999996 0.017386363636363616 0.034886363636363625
20 0.6543749999999999 0.56125 0.021235795454545348 0.019985795454545485
12 0.07499237804878048 0.20875 0.03248475609756098 0.027469512195121976
