12 0.339375 0.93625 0.053733552631578974 0.04498355263157894
11 0.89375 0.24562499999999998 0.032491610738254906 0.021241610738255035
18 0.8525 0.669375 0.02495689655172406 0.026206896551724035
08 0.580625 0.0525 0.03874444444444458 0.05499444444444444
15 0.81375 0.07375 0.044988095238095105 0.03748809523809523
04 0.674375 0.506875 0.03374297752808986 0.023742977528089848
01 0.809375 0.515625 0.0162450980392157 0.0162450980392157
06 0.5856250000000001 0.47625000000000006 0.023706896551724088 0.12245689655172415
12 0.420625 0.930625 0.048728448275862035 0.05122844827586215
03 0.850625 0.9493750000000001 0.04113636363636375 0.0336363636363638
11 0.9606250000000001 0.5543750000000001 0.041235795454545365 0.026235795454545463
16 0.11125 0.14437500000000003 0.044969512195121936 0.046219512195121965
13 0.419375 0.49624999999999997 0.06373214285714279 0.07498214285714283
