19 0.87625 0.719375 0.014983552631578911 0.03873355263157885
11 0.864375 0.046875 0.031241610738254932 0.021241610738255035
05 0.940625 0.0125 0.03120689655172415 0.014956896551724136
11 0.32125000000000004 0.11375 0.024994444444444486 0.029994444444444462
01 0.2575 0.47250000000000003 0.027488095238095256 0.02748809523809531
03 0.17875000000000002 0.6937500000000001 0.022492977528089847 0.06499297752808986
12 0.288125 0.429375 0.06374509803921569 0.06874509803921569
20 0.5293749999999999 0.141875 0.023706896551724088 0.02120689655172414
03 0.286875 0.9425 0.018728448275862064 0.02997844827586227
13 0.768125 0.4175 0.04113636363636364 0.03988636363636361
16 0.97125 0.055 0.03248579545454533 0.03748579545454546
11 0.764375 0.80375 0.028719512195122032 0.03746951219512196
03 0.4775 0.37124999999999997 0.019982142857142837 0.02998214285714279
