03 0.775625 0.26375000000000004 0.023733552631578947 0.014983552631578967
10 0.5331250000000001 0.3725 0.021241610738255035 0.022491610738255008
12 0.588125 0.606875 0.0387068965517241 0.043706896551724106
20 0.15 0.163125 0.027494444444444432 0.018744444444444452
14 0.32375 0.3025 0.02248809523809525 0.04498809523809527
04 0.895625 0.65875 0.028742977528089853 0.02499297752808982
08 0.90875 0.39125 0.03999509803921575 0.017495098039215673
02 0.30374999999999996 0.355 0.019956896551724113 0.024956896551724117
04 0.155625 0.953125 0.028728448275862045 0.02372844827586218
13 0.0687784090909091 0.38 0.06744318181818182 0.037386363636363606
