00 0.5081249999999999 0.594375 0.033733552631578845 0.033733552631578956
02 0.8975 0.951875 0.01999161073825484 0.04124161073825494
10 0.586875 0.023125 0.023706896551724088 0.02370689655172414
03 0.7825 0.659375 0.04249444444444439 0.07624444444444445
02 0.078125 0.855625 0.026238095238095227 0.048738095238095136
08 0.026875000000000003 0.194375 0.05124297752808989 0.031242977528089855
20 0.933125 0.15625 0.031245098039215713 0.027495098039215682
04 0.660625 0.51625 0.0237068965517242 0.024956896551724173
14 0.4425 0.355 0.019978448275862037 0.024978448275862097
06 0.568125 0.909375 0.04613636363636364 0.08613636363636379
06 0.7649999999999999 0.33375 0.02248579545454532 0.07498579545454548
