08 0.885625 0.51375 0.043733552631578965 0.03998355263157888
07 0.52 0.44 0.034991610738255075 0.024991610738255066
04 0.618125 0.65125 0.023706896551724088 0.022456896551724226
14 0.75875 0.515625 0.047494444444444395 0.026244444444444515
15 0.49312500000000004 0.77125 0.06373809523809532 0.02998809523809509
18 0.1775 0.25625 0.017492977528089843 0.019992977528089872
18 0.913125 0.854375 0.0162450980392157 0.018745098039215646
05 0.713135775862069 0.605 0.028728448275862073 0.024956896551724173
20 0.713125 0.076875 0.018728448275862286 0.016228448275862062
00 0.67625 0.483125 0.03738636363636372 0.031136363636363573
03 0.39749999999999996 0.8875 0.027485795454545492 0.027485795454545325
20 0.186875 0.97875 0.018719512195121996 0.01746951219512205
13 0.7262500000000001 0.160625 0.03498214285714274 0.10873214285714285
03 0.3775 0.983753125 0.0324875 0.03249374999999999
