03 0.3425 0.09187499999999998 0.027483552631578922 0.038733552631578946
09 0.6425 0.59875 0.042491610738254915 0.04999161073825498
13 0.4575 0.639375 0.02745689655172412 0.053706896551724115
03 0.639375 0.7275 0.026244444444444404 0.03249444444444438
20 0.5325 0.843125 0.019988095238095305 0.01873809523809511
06 0.9425 0.585 0.022492977528089764 0.03749297752808989
08 0.890625 0.6375 0.011245098039215584 0.02999509803921574
16 0.9143749999999999 0.2575 0.05120689655172417 0.0399568965517241
14 0.838125 0.599375 0.046228448275862144 0.02372844827586207
18 0.38687499999999997 0.778125 0.021136363636363564 0.02363636363636379
08 0.904375 0.88625 0.03873579545454531 0.04248579545454534
