00 0.849375 0.27437500000000004 0.026233552631578894 0.02623355263157895
14 0.06999790268456377 0.31 0.029995805369127528 0.022491610738255008
19 0.60875 0.26375000000000004 0.029956896551724066 0.019956896551724113
03 0.12125 0.915 0.017494444444444465 0.037494444444444386
06 0.052500000000000005 0.2625 0.02248809523809523 0.06998809523809527
00 0.61 0.23249999999999998 0.024992977528089932 0.022492977528089847
03 0.9775 0.06 0.014995098039215726 0.032495098039215686
18 0.035 0.32375 0.01745689655172414 0.019956896551724113
03 0.3787446120689655 0.38312500000000005 0.027489224137931034 0.016228448275862062
03 0.844375 0.175625 0.018636363636363784 0.013636363636363669
