06 0.89125 0.11375 0.07748355263157891 0.09748355263157896
20 0.154375 0.383125 0.03624161073825505 0.02624161073825504
13 0.5325 0.5974999999999999 0.0649568965517241 0.07245689655172416
00 0.49124999999999996 0.9425 0.034994444444444495 0.037494444444444275
03 0.505 0.5012470238095238 0.04248809523809527 0.027494047619047668
18 0.53125 0.9199999999999999 0.019992977528089817 0.022492977528089875
15 0.48 0.8887499999999999 0.0474950980392157 0.02999509803921574
18 0.64 0.40625 0.029956896551724066 0.032456896551724124
00 0.756875 0.65125 0.026228448275862237 0.022478448275862206
04 0.403125 0.455 0.026136363636363624 0.027386363636363598
