14 0.30625 0.9225 0.012483552631578965 0.017483552631578858
20 0.010624999999999999 0.009999999999999998 0.013741610738255033 0.014991610738255032
09 0.46125 0.229375 0.01745689655172411 0.013706896551724135
10 0.1825 0.84375 0.014994444444444421 0.017494444444444257
10 0.323125 0.168125 0.016238095238095274 0.016238095238095274
08 0.43125 0.4575 0.024992977528089877 0.027492977528089824
02 0.14500000000000002 0.1175 0.022495098039215705 0.00999509803921568
05 0.639375 0.334375 0.023706896551724088 0.013706896551724135
10 0.335625 0.290625 0.018728448275862064 0.018728448275862064
10 0.693125 0.39375 0.023636363636363678 0.01738636363636359
07 0.72 0.06125 0.019985795454545374 0.01748579545454545
10 0.49374999999999997 0.381875 0.01746951219512194 0.016219512195121966
04 0.775625 0.556875 0.01373214285714286 0.01373214285714286
