15 0.655 0.18874999999999997 0.009983552631578907 0.054983552631578975
10 0.24125 0.12312500000000001 0.03499161073825502 0.026241610738255053
20 0.8625 0.5918749999999999 0.02745689655172412 0.023706896551724088
02 0.6656249999999999 0.54625 0.0737444444444445 0.03499444444444455
11 0.8999999999999999 0.7424999999999999 0.044988095238095105 0.04998809523809522
05 0.621875 0.194375 0.05624297752808982 0.028742977528089853
19 0.491875 0.7775000000000001 0.03374509803921566 0.03999509803921575
02 0.36624999999999996 0.92125 0.05995689655172415 0.08745689655172417
03 0.61875 0.46125 0.049978448275862064 0.029978448275862046
01 0.559375 0.255 0.026136363636363513 0.0173863636363637
20 0.6100000000000001 0.768125 0.02498579545454549 0.021235795454545348
15 0.186875 0.13687500000000002 0.04121951219512196 0.05371951219512197
15 0.028125 0.47187500000000004 0.041232142857142856 0.058732142857142844
