07 0.838125 0.42437499999999995 0.008733552631578823 0.038733552631578905
15 0.230625 0.9212499999999999 0.023741610738255037 0.0274916107382549
10 0.36 0.081875 0.022456896551724115 0.018706896551724125
03 0.42562500000000003 0.97375 0.03374444444444452 0.027494444444444266
00 0.201875 0.925 0.018738095238095276 0.017488095238095136
08 0.401875 0.42562500000000003 0.028742977528089853 0.013742977528089895
11 0.666875 0.7931250000000001 0.02624509803921571 0.02374509803921565
09 0.77625 0.84875 0.019956896551724057 0.03495689655172418
04 0.766875 0.28875 0.026228448275862237 0.024978448275862042
14 0.153125 0.5625 0.026136363636363652 0.027386363636363598
05 0.785625 0.855 0.016235795454545343 0.03248579545454533
