01 0.8987499999999999 0.7424999999999999 0.009983552631578907 0.009983552631578907
04 0.65375 0.775625 0.012491610738254999 0.01624161073825492
20 0.661875 0.230625 0.01370689655172419 0.013706896551724135
12 0.90125 0.27937500000000004 0.04249444444444439 0.028744444444444406
20 0.029375000000000002 0.34750000000000003 0.011238095238095235 0.00998809523809524
18 0.935 0.17125 0.012492977528089866 0.01499297752808984
03 0.143125 0.1725 0.0787450980392157 0.05999509803921568
11 0.506875 0.76125 0.02120689655172414 0.022456896551724115
00 0.070625 0.7775 0.013728448275862074 0.00997844827586225
20 0.98 0.34125 0.012386363636363695 0.014886363636363642
