18 0.755 0.7618750000000001 0.029983552631578814 0.031233552631578898
12 0.576875 0.598125 0.05874161073825501 0.05874161073825501
06 0.71875 0.363739224137931 0.10495689655172402 0.06997844827586208
06 0.1225 0.739375 0.042494444444444446 0.1612444444444443
18 0.92125 0.5225 0.02998809523809509 0.03248809523809526
08 0.25875175561797753 0.71 0.03749648876404496 0.05999297752808985
14 0.3900012254901961 0.548125 0.05249754901960785 0.08874509803921571
19 0.34187500000000004 0.5387500000000001 0.03370689655172415 0.039956896551724186
01 0.965625 0.78375 0.028728448275862184 0.022478448275862206
00 0.1325 0.546875 0.042386363636363625 0.043636363636363695
