14 0.7675000000000001 0.389375 0.04998355263157894 0.05373355263157892
20 0.09375 0.481875 0.03499161073825503 0.023741610738255092
08 0.35187500000000005 0.953125 0.07620689655172413 0.018706896551724084
13 0.100625 0.930625 0.11374444444444445 0.08124444444444434
05 0.63125 0.568125 0.044988095238095216 0.02873809523809534
01 0.96625 0.48874999999999996 0.032492977528089884 0.03499297752808983
13 0.57125 0.73375 0.14999509803921562 0.10749509803921575
00 0.5575000000000001 0.835 0.04245689655172413 0.03495689655172407
00 0.46875 0.8206249999999999 0.05247844827586201 0.0337284482758623
06 0.078125 0.61125 0.028636363636363626 0.057386363636363624
