00 0.4875 0.37375 0.029983552631578925 0.01998355263157886
10 0.826875 0.25 0.02374161073825487 0.01999161073825506
08 0.615 0.8887499999999999 0.024956896551724173 0.019956896551724168
09 0.815625 0.875 0.01874444444444434 0.02499444444444432
08 0.659375 0.4075 0.03623809523809507 0.022488095238095307
18 0.535 0.655 0.01749297752808987 0.019992977528089817
20 0.12125 0.826875 0.022495098039215677 0.02374509803921565
03 0.73375 0.7106250000000001 0.014956896551724164 0.028706896551724204
02 0.6906303879310345 0.75375 0.008739224137931045 0.03497844827586216
04 0.624375 0.6525 0.026136363636363624 0.022386363636363704
15 0.055625 0.8374999999999999 0.03623579545454546 0.02248579545454532
13 0.918125 0.76 0.043719512195121935 0.06746951219512198
02 0.55375 0.10375 0.03248214285714279 0.019982142857142865
14 0.174375 0.660625 0.028737500000000027 0.036237500000000034
