17 0.28500000000000003 0.9706250000000001 0.03998355263157899 0.02873355263157895
03 0.8343750000000001 0.49 0.018741610738254866 0.04249161073825508
10 0.5393749999999999 0.349375 0.023706896551724088 0.026206896551724146
15 0.62125 0.87 0.06749444444444452 0.04249444444444439
13 0.905625 0.54875 0.048738095238095136 0.07498809523809524
06 0.058125 0.328125 0.05874297752808989 0.03374297752808986
04 0.4275 0.405625 0.032495098039215686 0.02624509803921571
12 0.074375 0.806875 0.03370689655172413 0.0387068965517241
01 0.901875 0.553125 0.03372844827586219 0.028728448275862073
13 0.229375 0.31437499999999996 0.11863636363636365 0.0661363636363636
08 0.6212500000000001 0.7825 0.017485795454545427 0.05248579545454535
03 0.48062499999999997 0.398125 0.038719512195121986 0.07121951219512201
01 0.045 0.749375 0.022482142857142853 0.02373214285714287
01 0.40625 0.12312499999999998 0.027487499999999998 0.018737500000000004
