07 0.48187499999999994 0.784375 0.046233552631578856 0.03873355263157896
13 0.558125 0.8375 0.04374161073825511 0.06499161073825488
03 0.701875 0.653125 0.018706896551724084 0.05120689655172417
14 0.8225 0.96375 0.03249444444444438 0.03499444444444433
00 0.091875 0.6793750000000001 0.023738095238095225 0.01873809523809522
16 0.224375 0.294375 0.03874297752808986 0.023742977528089848
03 0.0325 0.530625 0.017495098039215687 0.04124509803921561
18 0.294375 0.248125 0.02120689655172414 0.023706896551724144
03 0.415625 0.6075 0.028728448275862073 0.01747844827586209
12 0.018750000000000003 0.256875 0.03488636363636364 0.03613636363636366
12 0.6825000000000001 0.4 0.03248579545454533 0.049985795454545456
03 0.675625 0.9512499999999999 0.02121951219512197 0.027469512195121948
05 0.2975 0.70875 0.019982142857142837 0.04248214285714291
01 0.284375 0.50625 0.011237500000000011 0.009987500000000038
