13 0.29312499999999997 0.915 0.05123355263157897 0.04248355263157888
20 0.41312499999999996 0.9668749999999999 0.023741610738255037 0.02374161073825498
18 0.41500000000000004 0.576875 0.019956896551724113 0.023706896551724088
08 0.2525 0.59375 0.014994444444444421 0.027494444444444488
01 0.6425000000000001 0.6881250000000001 0.019988095238095194 0.013738095238095105
00 0.51875 0.238125 0.029992977528089937 0.02624297752808985
00 0.21375 0.06937499999999999 0.03499509803921569 0.023745098039215692
15 0.854375 0.4625 0.036206896551724155 0.032456896551724124
00 0.9375 0.8125 0.0274784482758621 0.02997844827586227
00 0.65 0.8175 0.037386363636363606 0.03488636363636366
